,action,step,s_X0,s_X1,s_X2,s_X3,s_X4,s_X5,s_X6,s_X7,s_X8,s_X9,s_X10,s_X11,s_X12,s_X13,s_X14,s_X15,s_X16,s_X17,s_X18,s_X19,s_X20,s_X21,s_X22,s_X23,s_X24
0,-,0,0,0,0,0,0,0,0,0,0,0,0,0,0,0,0,0,0,0,0,0,0,0,0,0,0
1,REST_X0,1,10,0,0,0,0,0,0,0,0,0,0,0,0,0,0,0,0,0,0,0,0,0,0,0,0
2,[X0_X14_GET_req],2,11,0,0,0,0,0,0,0,0,0,0,0,0,0,1,0,0,0,0,0,0,0,0,0,0
3,REST_X14,3,11,0,0,0,0,0,0,0,0,0,0,0,0,0,2,0,0,0,0,0,0,0,0,0,0
4,REST_X14,4,11,0,0,0,0,0,0,0,0,0,0,0,0,0,5,0,0,0,0,0,0,0,0,0,0
5,[X14_X24_GET_req],5,11,0,0,0,0,0,0,0,0,0,0,0,0,0,6,0,0,0,0,0,0,0,0,0,1
6,REST_X24,6,11,0,0,0,0,0,0,0,0,0,0,0,0,0,6,0,0,0,0,0,0,0,0,0,2
7,REST_X24,7,11,0,0,0,0,0,0,0,0,0,0,0,0,0,6,0,0,0,0,0,0,0,0,0,5
8,[X24_X18_GET_req],8,11,0,0,0,0,0,0,0,0,0,0,0,0,0,6,0,0,0,1,0,0,0,0,0,6
9,REST_X18,9,11,0,0,0,0,0,0,0,0,0,0,0,0,0,6,0,0,0,2,0,0,0,0,0,6
10,REST_X18,10,11,0,0,0,0,0,0,0,0,0,0,0,0,0,6,0,0,0,5,0,0,0,0,0,6
11,[X18_X3_GET_req],11,11,0,0,1,0,0,0,0,0,0,0,0,0,0,6,0,0,0,6,0,0,0,0,0,6
12,REST_X3,12,11,0,0,2,0,0,0,0,0,0,0,0,0,0,6,0,0,0,6,0,0,0,0,0,6
13,REST_X3,13,11,0,0,5,0,0,0,0,0,0,0,0,0,0,6,0,0,0,6,0,0,0,0,0,6
14,[X3_X5_GET_req],14,11,0,0,6,0,1,0,0,0,0,0,0,0,0,6,0,0,0,6,0,0,0,0,0,6
15,REST_X5,15,11,0,0,6,0,2,0,0,0,0,0,0,0,0,6,0,0,0,6,0,0,0,0,0,6
16,REST_X5,16,11,0,0,6,0,5,0,0,0,0,0,0,0,0,6,0,0,0,6,0,0,0,0,0,6
17,[X5_X1_GET_req],17,11,1,0,6,0,6,0,0,0,0,0,0,0,0,6,0,0,0,6,0,0,0,0,0,6
18,REST_X1,18,11,2,0,6,0,6,0,0,0,0,0,0,0,0,6,0,0,0,6,0,0,0,0,0,6
19,REST_X1,19,11,5,0,6,0,6,0,0,0,0,0,0,0,0,6,0,0,0,6,0,0,0,0,0,6
20,[X1_X20_GET_req],20,11,6,0,6,0,6,0,0,0,0,0,0,0,0,6,0,0,0,6,0,1,0,0,0,6
21,REST_X20,21,11,6,0,6,0,6,0,0,0,0,0,0,0,0,6,0,0,0,6,0,2,0,0,0,6
22,REST_X20,22,11,6,0,6,0,6,0,0,0,0,0,0,0,0,6,0,0,0,6,0,9,0,0,0,6
23,[X20_X22_GET_req],23,11,6,0,6,0,6,0,0,0,0,0,0,0,0,6,0,0,0,6,0,10,0,1,0,6
24,REST_X22,24,11,6,0,6,0,6,0,0,0,0,0,0,0,0,6,0,0,0,6,0,10,0,2,0,6
25,REST_X22,25,11,6,0,6,0,6,0,0,0,0,0,0,0,0,6,0,0,0,6,0,10,0,5,0,6
26,[X22_X9_GET_req],26,11,6,0,6,0,6,0,0,0,1,0,0,0,0,6,0,0,0,6,0,10,0,6,0,6
27,REST_X9,27,11,6,0,6,0,6,0,0,0,2,0,0,0,0,6,0,0,0,6,0,10,0,6,0,6
28,REST_X9,28,11,6,0,6,0,6,0,0,0,3,0,0,0,0,6,0,0,0,6,0,10,0,6,0,6
29,[X22_X9_GET_resp_2xx],29,11,6,0,6,0,6,0,0,0,0,0,0,0,0,6,0,0,0,6,0,10,0,3,0,6
30,[X20_X22_GET_resp_2xx],30,11,6,0,6,0,6,0,0,0,0,0,0,0,0,6,0,0,0,6,0,3,0,0,0,6
31,[X1_X20_GET_resp_2xx],31,11,3,0,6,0,6,0,0,0,0,0,0,0,0,6,0,0,0,6,0,0,0,0,0,6
32,[X5_X1_GET_resp_2xx],32,11,0,0,6,0,3,0,0,0,0,0,0,0,0,6,0,0,0,6,0,0,0,0,0,6
33,[X3_X5_GET_resp_2xx],33,11,0,0,3,0,0,0,0,0,0,0,0,0,0,6,0,0,0,6,0,0,0,0,0,6
34,[X18_X3_GET_resp_2xx],34,11,0,0,0,0,0,0,0,0,0,0,0,0,0,6,0,0,0,3,0,0,0,0,0,6
35,[X24_X18_GET_resp_2xx],35,11,0,0,0,0,0,0,0,0,0,0,0,0,0,6,0,0,0,0,0,0,0,0,0,3
36,[X14_X24_GET_resp_2xx],36,11,0,0,0,0,0,0,0,0,0,0,0,0,0,3,0,0,0,0,0,0,0,0,0,0
37,[X0_X14_GET_resp_2xx],37,0,0,0,0,0,0,0,0,0,0,0,0,0,0,0,0,0,0,0,0,0,0,0,0,0
38,REST_X0,38,2,0,0,0,0,0,0,0,0,0,0,0,0,0,0,0,0,0,0,0,0,0,0,0,0
39,[X0_X16_GET_req],39,3,0,0,0,0,0,0,0,0,0,0,0,0,0,0,0,1,0,0,0,0,0,0,0,0
40,REST_X16,40,3,0,0,0,0,0,0,0,0,0,0,0,0,0,0,0,2,0,0,0,0,0,0,0,0
41,REST_X16,41,3,0,0,0,0,0,0,0,0,0,0,0,0,0,0,0,5,0,0,0,0,0,0,0,0
42,[X16_X19_GET_req],42,3,0,0,0,0,0,0,0,0,0,0,0,0,0,0,0,6,0,0,1,0,0,0,0,0
43,REST_X19,43,3,0,0,0,0,0,0,0,0,0,0,0,0,0,0,0,6,0,0,2,0,0,0,0,0
44,REST_X19,44,3,0,0,0,0,0,0,0,0,0,0,0,0,0,0,0,6,0,0,5,0,0,0,0,0
45,[X19_X2_GET_req],45,3,0,1,0,0,0,0,0,0,0,0,0,0,0,0,0,6,0,0,6,0,0,0,0,0
46,REST_X2,46,3,0,2,0,0,0,0,0,0,0,0,0,0,0,0,0,6,0,0,6,0,0,0,0,0
47,REST_X2,47,3,0,3,0,0,0,0,0,0,0,0,0,0,0,0,0,6,0,0,6,0,0,0,0,0
48,[X19_X2_GET_resp_2xx],48,3,0,0,0,0,0,0,0,0,0,0,0,0,0,0,0,6,0,0,3,0,0,0,0,0
49,[X16_X19_GET_resp_2xx],49,3,0,0,0,0,0,0,0,0,0,0,0,0,0,0,0,3,0,0,0,0,0,0,0,0
50,[X0_X16_GET_resp_2xx],50,0,0,0,0,0,0,0,0,0,0,0,0,0,0,0,0,0,0,0,0,0,0,0,0,0
51,REST_X0,51,2,0,0,0,0,0,0,0,0,0,0,0,0,0,0,0,0,0,0,0,0,0,0,0,0
52,[X0_X16_GET_req],52,3,0,0,0,0,0,0,0,0,0,0,0,0,0,0,0,1,0,0,0,0,0,0,0,0
53,REST_X16,53,3,0,0,0,0,0,0,0,0,0,0,0,0,0,0,0,2,0,0,0,0,0,0,0,0
54,REST_X16,54,3,0,0,0,0,0,0,0,0,0,0,0,0,0,0,0,5,0,0,0,0,0,0,0,0
55,[X16_X19_GET_req],55,3,0,0,0,0,0,0,0,0,0,0,0,0,0,0,0,6,0,0,1,0,0,0,0,0
56,REST_X19,56,3,0,0,0,0,0,0,0,0,0,0,0,0,0,0,0,6,0,0,2,0,0,0,0,0
57,REST_X19,57,3,0,0,0,0,0,0,0,0,0,0,0,0,0,0,0,6,0,0,5,0,0,0,0,0
58,[X19_X2_GET_req],58,3,0,1,0,0,0,0,0,0,0,0,0,0,0,0,0,6,0,0,6,0,0,0,0,0
59,REST_X2,59,3,0,2,0,0,0,0,0,0,0,0,0,0,0,0,0,6,0,0,6,0,0,0,0,0
60,REST_X2,60,3,0,3,0,0,0,0,0,0,0,0,0,0,0,0,0,6,0,0,6,0,0,0,0,0
61,[X19_X2_GET_resp_2xx],61,3,0,0,0,0,0,0,0,0,0,0,0,0,0,0,0,6,0,0,3,0,0,0,0,0
62,[X16_X19_GET_resp_2xx],62,3,0,0,0,0,0,0,0,0,0,0,0,0,0,0,0,3,0,0,0,0,0,0,0,0
63,[X0_X16_GET_resp_2xx],63,0,0,0,0,0,0,0,0,0,0,0,0,0,0,0,0,0,0,0,0,0,0,0,0,0
64,REST_X0,64,2,0,0,0,0,0,0,0,0,0,0,0,0,0,0,0,0,0,0,0,0,0,0,0,0
65,[X0_X16_GET_req],65,3,0,0,0,0,0,0,0,0,0,0,0,0,0,0,0,1,0,0,0,0,0,0,0,0
66,REST_X16,66,3,0,0,0,0,0,0,0,0,0,0,0,0,0,0,0,2,0,0,0,0,0,0,0,0
67,REST_X16,67,3,0,0,0,0,0,0,0,0,0,0,0,0,0,0,0,5,0,0,0,0,0,0,0,0
68,[X16_X19_GET_req],68,3,0,0,0,0,0,0,0,0,0,0,0,0,0,0,0,6,0,0,1,0,0,0,0,0
69,REST_X19,69,3,0,0,0,0,0,0,0,0,0,0,0,0,0,0,0,6,0,0,2,0,0,0,0,0
70,REST_X19,70,3,0,0,0,0,0,0,0,0,0,0,0,0,0,0,0,6,0,0,5,0,0,0,0,0
71,[X19_X2_GET_req],71,3,0,1,0,0,0,0,0,0,0,0,0,0,0,0,0,6,0,0,6,0,0,0,0,0
72,REST_X2,72,3,0,2,0,0,0,0,0,0,0,0,0,0,0,0,0,6,0,0,6,0,0,0,0,0
73,REST_X2,73,3,0,3,0,0,0,0,0,0,0,0,0,0,0,0,0,6,0,0,6,0,0,0,0,0
74,[X19_X2_GET_resp_2xx],74,3,0,0,0,0,0,0,0,0,0,0,0,0,0,0,0,6,0,0,3,0,0,0,0,0
75,[X16_X19_GET_resp_2xx],75,3,0,0,0,0,0,0,0,0,0,0,0,0,0,0,0,3,0,0,0,0,0,0,0,0
76,[X0_X16_GET_resp_2xx],76,0,0,0,0,0,0,0,0,0,0,0,0,0,0,0,0,0,0,0,0,0,0,0,0,0
77,REST_X0,77,10,0,0,0,0,0,0,0,0,0,0,0,0,0,0,0,0,0,0,0,0,0,0,0,0
78,[X0_X14_GET_req],78,11,0,0,0,0,0,0,0,0,0,0,0,0,0,1,0,0,0,0,0,0,0,0,0,0
79,REST_X14,79,11,0,0,0,0,0,0,0,0,0,0,0,0,0,2,0,0,0,0,0,0,0,0,0,0
80,REST_X14,80,11,0,0,0,0,0,0,0,0,0,0,0,0,0,5,0,0,0,0,0,0,0,0,0,0
81,[X14_X24_GET_req],81,11,0,0,0,0,0,0,0,0,0,0,0,0,0,6,0,0,0,0,0,0,0,0,0,1
82,REST_X24,82,11,0,0,0,0,0,0,0,0,0,0,0,0,0,6,0,0,0,0,0,0,0,0,0,2
83,REST_X24,83,11,0,0,0,0,0,0,0,0,0,0,0,0,0,6,0,0,0,0,0,0,0,0,0,5
84,[X24_X18_GET_req],84,11,0,0,0,0,0,0,0,0,0,0,0,0,0,6,0,0,0,1,0,0,0,0,0,6
85,REST_X18,85,11,0,0,0,0,0,0,0,0,0,0,0,0,0,6,0,0,0,2,0,0,0,0,0,6
86,REST_X18,86,11,0,0,0,0,0,0,0,0,0,0,0,0,0,6,0,0,0,5,0,0,0,0,0,6
87,[X18_X3_GET_req],87,11,0,0,1,0,0,0,0,0,0,0,0,0,0,6,0,0,0,6,0,0,0,0,0,6
88,REST_X3,88,11,0,0,2,0,0,0,0,0,0,0,0,0,0,6,0,0,0,6,0,0,0,0,0,6
89,REST_X3,89,11,0,0,9,0,0,0,0,0,0,0,0,0,0,6,0,0,0,6,0,0,0,0,0,6
90,[X3_X17_GET_req],90,11,0,0,10,0,0,0,0,0,0,0,0,0,0,6,0,0,1,6,0,0,0,0,0,6
91,REST_X17,91,11,0,0,10,0,0,0,0,0,0,0,0,0,0,6,0,0,2,6,0,0,0,0,0,6
92,REST_X17,92,11,0,0,10,0,0,0,0,0,0,0,0,0,0,6,0,0,5,6,0,0,0,0,0,6
93,[X17_X12_GET_req],93,11,0,0,10,0,0,0,0,0,0,0,0,1,0,6,0,0,6,6,0,0,0,0,0,6
94,REST_X12,94,11,0,0,10,0,0,0,0,0,0,0,0,2,0,6,0,0,6,6,0,0,0,0,0,6
95,REST_X12,95,11,0,0,10,0,0,0,0,0,0,0,0,5,0,6,0,0,6,6,0,0,0,0,0,6
96,[X12_X7_GET_req],96,11,0,0,10,0,0,0,1,0,0,0,0,6,0,6,0,0,6,6,0,0,0,0,0,6
97,REST_X7,97,11,0,0,10,0,0,0,2,0,0,0,0,6,0,6,0,0,6,6,0,0,0,0,0,6
98,REST_X7,98,11,0,0,10,0,0,0,5,0,0,0,0,6,0,6,0,0,6,6,0,0,0,0,0,6
99,[X7_X21_GET_req],99,11,0,0,10,0,0,0,6,0,0,0,0,6,0,6,0,0,6,6,0,0,1,0,0,6
100,REST_X21,100,11,0,0,10,0,0,0,6,0,0,0,0,6,0,6,0,0,6,6,0,0,2,0,0,6
101,REST_X21,101,11,0,0,10,0,0,0,6,0,0,0,0,6,0,6,0,0,6,6,0,0,3,0,0,6
102,[X7_X21_GET_resp_2xx],102,11,0,0,10,0,0,0,3,0,0,0,0,6,0,6,0,0,6,6,0,0,0,0,0,6
103,[X12_X7_GET_resp_2xx],103,11,0,0,10,0,0,0,0,0,0,0,0,3,0,6,0,0,6,6,0,0,0,0,0,6
104,[X17_X12_GET_resp_2xx],104,11,0,0,10,0,0,0,0,0,0,0,0,0,0,6,0,0,3,6,0,0,0,0,0,6
105,[X3_X17_GET_resp_2xx],105,11,0,0,3,0,0,0,0,0,0,0,0,0,0,6,0,0,0,6,0,0,0,0,0,6
106,[X18_X3_GET_resp_2xx],106,11,0,0,0,0,0,0,0,0,0,0,0,0,0,6,0,0,0,3,0,0,0,0,0,6
107,[X24_X18_GET_resp_2xx],107,11,0,0,0,0,0,0,0,0,0,0,0,0,0,6,0,0,0,0,0,0,0,0,0,3
108,[X14_X24_GET_resp_2xx],108,11,0,0,0,0,0,0,0,0,0,0,0,0,0,3,0,0,0,0,0,0,0,0,0,0
109,[X0_X14_GET_resp_2xx],109,0,0,0,0,0,0,0,0,0,0,0,0,0,0,0,0,0,0,0,0,0,0,0,0,0
110,REST_X0,110,2,0,0,0,0,0,0,0,0,0,0,0,0,0,0,0,0,0,0,0,0,0,0,0,0
111,[X0_X16_GET_req],111,3,0,0,0,0,0,0,0,0,0,0,0,0,0,0,0,1,0,0,0,0,0,0,0,0
112,REST_X16,112,3,0,0,0,0,0,0,0,0,0,0,0,0,0,0,0,2,0,0,0,0,0,0,0,0
113,REST_X16,113,3,0,0,0,0,0,0,0,0,0,0,0,0,0,0,0,5,0,0,0,0,0,0,0,0
114,[X16_X19_GET_req],114,3,0,0,0,0,0,0,0,0,0,0,0,0,0,0,0,6,0,0,1,0,0,0,0,0
115,REST_X19,115,3,0,0,0,0,0,0,0,0,0,0,0,0,0,0,0,6,0,0,2,0,0,0,0,0
116,REST_X19,116,3,0,0,0,0,0,0,0,0,0,0,0,0,0,0,0,6,0,0,5,0,0,0,0,0
117,[X19_X2_GET_req],117,3,0,1,0,0,0,0,0,0,0,0,0,0,0,0,0,6,0,0,6,0,0,0,0,0
118,REST_X2,118,3,0,2,0,0,0,0,0,0,0,0,0,0,0,0,0,6,0,0,6,0,0,0,0,0
119,REST_X2,119,3,0,3,0,0,0,0,0,0,0,0,0,0,0,0,0,6,0,0,6,0,0,0,0,0
120,[X19_X2_GET_resp_2xx],120,3,0,0,0,0,0,0,0,0,0,0,0,0,0,0,0,6,0,0,3,0,0,0,0,0
121,[X16_X19_GET_resp_2xx],121,3,0,0,0,0,0,0,0,0,0,0,0,0,0,0,0,3,0,0,0,0,0,0,0,0
122,[X0_X16_GET_resp_2xx],122,0,0,0,0,0,0,0,0,0,0,0,0,0,0,0,0,0,0,0,0,0,0,0,0,0
123,REST_X0,123,2,0,0,0,0,0,0,0,0,0,0,0,0,0,0,0,0,0,0,0,0,0,0,0,0
124,[X0_X16_GET_req],124,3,0,0,0,0,0,0,0,0,0,0,0,0,0,0,0,1,0,0,0,0,0,0,0,0
125,REST_X16,125,3,0,0,0,0,0,0,0,0,0,0,0,0,0,0,0,2,0,0,0,0,0,0,0,0
126,REST_X16,126,3,0,0,0,0,0,0,0,0,0,0,0,0,0,0,0,5,0,0,0,0,0,0,0,0
127,[X16_X19_GET_req],127,3,0,0,0,0,0,0,0,0,0,0,0,0,0,0,0,6,0,0,1,0,0,0,0,0
128,REST_X19,128,3,0,0,0,0,0,0,0,0,0,0,0,0,0,0,0,6,0,0,2,0,0,0,0,0
129,REST_X19,129,3,0,0,0,0,0,0,0,0,0,0,0,0,0,0,0,6,0,0,5,0,0,0,0,0
130,[X19_X2_GET_req],130,3,0,1,0,0,0,0,0,0,0,0,0,0,0,0,0,6,0,0,6,0,0,0,0,0
131,REST_X2,131,3,0,2,0,0,0,0,0,0,0,0,0,0,0,0,0,6,0,0,6,0,0,0,0,0
132,REST_X2,132,3,0,3,0,0,0,0,0,0,0,0,0,0,0,0,0,6,0,0,6,0,0,0,0,0
133,[X19_X2_GET_resp_2xx],133,3,0,0,0,0,0,0,0,0,0,0,0,0,0,0,0,6,0,0,3,0,0,0,0,0
134,[X16_X19_GET_resp_2xx],134,3,0,0,0,0,0,0,0,0,0,0,0,0,0,0,0,3,0,0,0,0,0,0,0,0
135,[X0_X16_GET_resp_2xx],135,0,0,0,0,0,0,0,0,0,0,0,0,0,0,0,0,0,0,0,0,0,0,0,0,0
136,REST_X0,136,2,0,0,0,0,0,0,0,0,0,0,0,0,0,0,0,0,0,0,0,0,0,0,0,0
137,[X0_X16_GET_req],137,3,0,0,0,0,0,0,0,0,0,0,0,0,0,0,0,1,0,0,0,0,0,0,0,0
138,REST_X16,138,3,0,0,0,0,0,0,0,0,0,0,0,0,0,0,0,2,0,0,0,0,0,0,0,0
139,REST_X16,139,3,0,0,0,0,0,0,0,0,0,0,0,0,0,0,0,5,0,0,0,0,0,0,0,0
140,[X16_X19_GET_req],140,3,0,0,0,0,0,0,0,0,0,0,0,0,0,0,0,6,0,0,1,0,0,0,0,0
141,REST_X19,141,3,0,0,0,0,0,0,0,0,0,0,0,0,0,0,0,6,0,0,2,0,0,0,0,0
142,REST_X19,142,3,0,0,0,0,0,0,0,0,0,0,0,0,0,0,0,6,0,0,5,0,0,0,0,0
143,[X19_X2_GET_req],143,3,0,1,0,0,0,0,0,0,0,0,0,0,0,0,0,6,0,0,6,0,0,0,0,0
144,REST_X2,144,3,0,2,0,0,0,0,0,0,0,0,0,0,0,0,0,6,0,0,6,0,0,0,0,0
145,REST_X2,145,3,0,3,0,0,0,0,0,0,0,0,0,0,0,0,0,6,0,0,6,0,0,0,0,0
146,[X19_X2_GET_resp_2xx],146,3,0,0,0,0,0,0,0,0,0,0,0,0,0,0,0,6,0,0,3,0,0,0,0,0
147,[X16_X19_GET_resp_2xx],147,3,0,0,0,0,0,0,0,0,0,0,0,0,0,0,0,3,0,0,0,0,0,0,0,0
148,[X0_X16_GET_resp_2xx],148,0,0,0,0,0,0,0,0,0,0,0,0,0,0,0,0,0,0,0,0,0,0,0,0,0
149,REST_X0,149,2,0,0,0,0,0,0,0,0,0,0,0,0,0,0,0,0,0,0,0,0,0,0,0,0
150,[X0_X16_GET_req],150,3,0,0,0,0,0,0,0,0,0,0,0,0,0,0,0,1,0,0,0,0,0,0,0,0
151,REST_X16,151,3,0,0,0,0,0,0,0,0,0,0,0,0,0,0,0,2,0,0,0,0,0,0,0,0
152,REST_X16,152,3,0,0,0,0,0,0,0,0,0,0,0,0,0,0,0,5,0,0,0,0,0,0,0,0
153,[X16_X19_GET_req],153,3,0,0,0,0,0,0,0,0,0,0,0,0,0,0,0,6,0,0,1,0,0,0,0,0
154,REST_X19,154,3,0,0,0,0,0,0,0,0,0,0,0,0,0,0,0,6,0,0,2,0,0,0,0,0
155,REST_X19,155,3,0,0,0,0,0,0,0,0,0,0,0,0,0,0,0,6,0,0,5,0,0,0,0,0
156,[X19_X2_GET_req],156,3,0,1,0,0,0,0,0,0,0,0,0,0,0,0,0,6,0,0,6,0,0,0,0,0
157,REST_X2,157,3,0,2,0,0,0,0,0,0,0,0,0,0,0,0,0,6,0,0,6,0,0,0,0,0
158,REST_X2,158,3,0,3,0,0,0,0,0,0,0,0,0,0,0,0,0,6,0,0,6,0,0,0,0,0
159,[X19_X2_GET_resp_2xx],159,3,0,0,0,0,0,0,0,0,0,0,0,0,0,0,0,6,0,0,3,0,0,0,0,0
160,[X16_X19_GET_resp_2xx],160,3,0,0,0,0,0,0,0,0,0,0,0,0,0,0,0,3,0,0,0,0,0,0,0,0
161,[X0_X16_GET_resp_2xx],161,0,0,0,0,0,0,0,0,0,0,0,0,0,0,0,0,0,0,0,0,0,0,0,0,0
162,REST_X0,162,10,0,0,0,0,0,0,0,0,0,0,0,0,0,0,0,0,0,0,0,0,0,0,0,0
163,[X0_X14_GET_req],163,11,0,0,0,0,0,0,0,0,0,0,0,0,0,1,0,0,0,0,0,0,0,0,0,0
164,REST_X14,164,11,0,0,0,0,0,0,0,0,0,0,0,0,0,2,0,0,0,0,0,0,0,0,0,0
165,REST_X14,165,11,0,0,0,0,0,0,0,0,0,0,0,0,0,5,0,0,0,0,0,0,0,0,0,0
166,[X14_X24_GET_req],166,11,0,0,0,0,0,0,0,0,0,0,0,0,0,6,0,0,0,0,0,0,0,0,0,1
167,REST_X24,167,11,0,0,0,0,0,0,0,0,0,0,0,0,0,6,0,0,0,0,0,0,0,0,0,2
168,REST_X24,168,11,0,0,0,0,0,0,0,0,0,0,0,0,0,6,0,0,0,0,0,0,0,0,0,5
169,[X24_X18_GET_req],169,11,0,0,0,0,0,0,0,0,0,0,0,0,0,6,0,0,0,1,0,0,0,0,0,6
170,REST_X18,170,11,0,0,0,0,0,0,0,0,0,0,0,0,0,6,0,0,0,2,0,0,0,0,0,6
171,REST_X18,171,11,0,0,0,0,0,0,0,0,0,0,0,0,0,6,0,0,0,5,0,0,0,0,0,6
172,[X18_X3_GET_req],172,11,0,0,1,0,0,0,0,0,0,0,0,0,0,6,0,0,0,6,0,0,0,0,0,6
173,REST_X3,173,11,0,0,2,0,0,0,0,0,0,0,0,0,0,6,0,0,0,6,0,0,0,0,0,6
174,REST_X3,174,11,0,0,5,0,0,0,0,0,0,0,0,0,0,6,0,0,0,6,0,0,0,0,0,6
175,[X3_X5_GET_req],175,11,0,0,6,0,1,0,0,0,0,0,0,0,0,6,0,0,0,6,0,0,0,0,0,6
176,REST_X5,176,11,0,0,6,0,2,0,0,0,0,0,0,0,0,6,0,0,0,6,0,0,0,0,0,6
177,REST_X5,177,11,0,0,6,0,5,0,0,0,0,0,0,0,0,6,0,0,0,6,0,0,0,0,0,6
178,[X5_X1_GET_req],178,11,1,0,6,0,6,0,0,0,0,0,0,0,0,6,0,0,0,6,0,0,0,0,0,6
179,REST_X1,179,11,2,0,6,0,6,0,0,0,0,0,0,0,0,6,0,0,0,6,0,0,0,0,0,6
180,REST_X1,180,11,5,0,6,0,6,0,0,0,0,0,0,0,0,6,0,0,0,6,0,0,0,0,0,6
181,[X1_X20_GET_req],181,11,6,0,6,0,6,0,0,0,0,0,0,0,0,6,0,0,0,6,0,1,0,0,0,6
182,REST_X20,182,11,6,0,6,0,6,0,0,0,0,0,0,0,0,6,0,0,0,6,0,2,0,0,0,6
183,REST_X20,183,11,6,0,6,0,6,0,0,0,0,0,0,0,0,6,0,0,0,6,0,9,0,0,0,6
184,[X20_X22_GET_req],184,11,6,0,6,0,6,0,0,0,0,0,0,0,0,6,0,0,0,6,0,10,0,1,0,6
185,REST_X22,185,11,6,0,6,0,6,0,0,0,0,0,0,0,0,6,0,0,0,6,0,10,0,2,0,6
186,REST_X22,186,11,6,0,6,0,6,0,0,0,0,0,0,0,0,6,0,0,0,6,0,10,0,5,0,6
187,[X22_X9_GET_req],187,11,6,0,6,0,6,0,0,0,1,0,0,0,0,6,0,0,0,6,0,10,0,6,0,6
188,REST_X9,188,11,6,0,6,0,6,0,0,0,2,0,0,0,0,6,0,0,0,6,0,10,0,6,0,6
189,REST_X9,189,11,6,0,6,0,6,0,0,0,3,0,0,0,0,6,0,0,0,6,0,10,0,6,0,6
190,[X22_X9_GET_resp_2xx],190,11,6,0,6,0,6,0,0,0,0,0,0,0,0,6,0,0,0,6,0,10,0,3,0,6
191,[X20_X22_GET_resp_2xx],191,11,6,0,6,0,6,0,0,0,0,0,0,0,0,6,0,0,0,6,0,3,0,0,0,6
192,[X1_X20_GET_resp_2xx],192,11,3,0,6,0,6,0,0,0,0,0,0,0,0,6,0,0,0,6,0,0,0,0,0,6
193,[X5_X1_GET_resp_2xx],193,11,0,0,6,0,3,0,0,0,0,0,0,0,0,6,0,0,0,6,0,0,0,0,0,6
194,[X3_X5_GET_resp_2xx],194,11,0,0,3,0,0,0,0,0,0,0,0,0,0,6,0,0,0,6,0,0,0,0,0,6
195,[X18_X3_GET_resp_2xx],195,11,0,0,0,0,0,0,0,0,0,0,0,0,0,6,0,0,0,3,0,0,0,0,0,6
196,[X24_X18_GET_resp_2xx],196,11,0,0,0,0,0,0,0,0,0,0,0,0,0,6,0,0,0,0,0,0,0,0,0,3
197,[X14_X24_GET_resp_2xx],197,11,0,0,0,0,0,0,0,0,0,0,0,0,0,3,0,0,0,0,0,0,0,0,0,0
198,[X0_X14_GET_resp_2xx],198,0,0,0,0,0,0,0,0,0,0,0,0,0,0,0,0,0,0,0,0,0,0,0,0,0
199,REST_X0,199,10,0,0,0,0,0,0,0,0,0,0,0,0,0,0,0,0,0,0,0,0,0,0,0,0
200,[X0_X14_GET_req],200,11,0,0,0,0,0,0,0,0,0,0,0,0,0,1,0,0,0,0,0,0,0,0,0,0
201,REST_X14,201,11,0,0,0,0,0,0,0,0,0,0,0,0,0,2,0,0,0,0,0,0,0,0,0,0
202,REST_X14,202,11,0,0,0,0,0,0,0,0,0,0,0,0,0,5,0,0,0,0,0,0,0,0,0,0
203,[X14_X24_GET_req],203,11,0,0,0,0,0,0,0,0,0,0,0,0,0,6,0,0,0,0,0,0,0,0,0,1
204,REST_X24,204,11,0,0,0,0,0,0,0,0,0,0,0,0,0,6,0,0,0,0,0,0,0,0,0,2
205,REST_X24,205,11,0,0,0,0,0,0,0,0,0,0,0,0,0,6,0,0,0,0,0,0,0,0,0,5
206,[X24_X18_GET_req],206,11,0,0,0,0,0,0,0,0,0,0,0,0,0,6,0,0,0,1,0,0,0,0,0,6
207,REST_X18,207,11,0,0,0,0,0,0,0,0,0,0,0,0,0,6,0,0,0,2,0,0,0,0,0,6
208,REST_X18,208,11,0,0,0,0,0,0,0,0,0,0,0,0,0,6,0,0,0,5,0,0,0,0,0,6
209,[X18_X3_GET_req],209,11,0,0,1,0,0,0,0,0,0,0,0,0,0,6,0,0,0,6,0,0,0,0,0,6
210,REST_X3,210,11,0,0,2,0,0,0,0,0,0,0,0,0,0,6,0,0,0,6,0,0,0,0,0,6
211,REST_X3,211,11,0,0,5,0,0,0,0,0,0,0,0,0,0,6,0,0,0,6,0,0,0,0,0,6
212,[X3_X5_GET_req],212,11,0,0,6,0,1,0,0,0,0,0,0,0,0,6,0,0,0,6,0,0,0,0,0,6
213,REST_X5,213,11,0,0,6,0,2,0,0,0,0,0,0,0,0,6,0,0,0,6,0,0,0,0,0,6
214,REST_X5,214,11,0,0,6,0,5,0,0,0,0,0,0,0,0,6,0,0,0,6,0,0,0,0,0,6
215,[X5_X1_GET_req],215,11,1,0,6,0,6,0,0,0,0,0,0,0,0,6,0,0,0,6,0,0,0,0,0,6
216,REST_X1,216,11,2,0,6,0,6,0,0,0,0,0,0,0,0,6,0,0,0,6,0,0,0,0,0,6
217,REST_X1,217,11,5,0,6,0,6,0,0,0,0,0,0,0,0,6,0,0,0,6,0,0,0,0,0,6
218,[X1_X20_GET_req],218,11,6,0,6,0,6,0,0,0,0,0,0,0,0,6,0,0,0,6,0,1,0,0,0,6
219,REST_X20,219,11,6,0,6,0,6,0,0,0,0,0,0,0,0,6,0,0,0,6,0,2,0,0,0,6
220,REST_X20,220,11,6,0,6,0,6,0,0,0,0,0,0,0,0,6,0,0,0,6,0,5,0,0,0,6
221,[X20_X13_GET_req],221,11,6,0,6,0,6,0,0,0,0,0,0,0,1,6,0,0,0,6,0,6,0,0,0,6
222,REST_X13,222,11,6,0,6,0,6,0,0,0,0,0,0,0,2,6,0,0,0,6,0,6,0,0,0,6
223,REST_X13,223,11,6,0,6,0,6,0,0,0,0,0,0,0,3,6,0,0,0,6,0,6,0,0,0,6
224,[X20_X13_GET_resp_2xx],224,11,6,0,6,0,6,0,0,0,0,0,0,0,0,6,0,0,0,6,0,3,0,0,0,6
225,[X1_X20_GET_resp_2xx],225,11,3,0,6,0,6,0,0,0,0,0,0,0,0,6,0,0,0,6,0,0,0,0,0,6
226,[X5_X1_GET_resp_2xx],226,11,0,0,6,0,3,0,0,0,0,0,0,0,0,6,0,0,0,6,0,0,0,0,0,6
227,[X3_X5_GET_resp_2xx],227,11,0,0,3,0,0,0,0,0,0,0,0,0,0,6,0,0,0,6,0,0,0,0,0,6
228,[X18_X3_GET_resp_2xx],228,11,0,0,0,0,0,0,0,0,0,0,0,0,0,6,0,0,0,3,0,0,0,0,0,6
229,[X24_X18_GET_resp_2xx],229,11,0,0,0,0,0,0,0,0,0,0,0,0,0,6,0,0,0,0,0,0,0,0,0,3
230,[X14_X24_GET_resp_2xx],230,11,0,0,0,0,0,0,0,0,0,0,0,0,0,3,0,0,0,0,0,0,0,0,0,0
231,[X0_X14_GET_resp_2xx],231,0,0,0,0,0,0,0,0,0,0,0,0,0,0,0,0,0,0,0,0,0,0,0,0,0
232,REST_X0,232,2,0,0,0,0,0,0,0,0,0,0,0,0,0,0,0,0,0,0,0,0,0,0,0,0
233,[X0_X16_GET_req],233,3,0,0,0,0,0,0,0,0,0,0,0,0,0,0,0,1,0,0,0,0,0,0,0,0
234,REST_X16,234,3,0,0,0,0,0,0,0,0,0,0,0,0,0,0,0,2,0,0,0,0,0,0,0,0
235,REST_X16,235,3,0,0,0,0,0,0,0,0,0,0,0,0,0,0,0,5,0,0,0,0,0,0,0,0
236,[X16_X19_GET_req],236,3,0,0,0,0,0,0,0,0,0,0,0,0,0,0,0,6,0,0,1,0,0,0,0,0
237,REST_X19,237,3,0,0,0,0,0,0,0,0,0,0,0,0,0,0,0,6,0,0,2,0,0,0,0,0
238,REST_X19,238,3,0,0,0,0,0,0,0,0,0,0,0,0,0,0,0,6,0,0,5,0,0,0,0,0
239,[X19_X2_GET_req],239,3,0,1,0,0,0,0,0,0,0,0,0,0,0,0,0,6,0,0,6,0,0,0,0,0
240,REST_X2,240,3,0,2,0,0,0,0,0,0,0,0,0,0,0,0,0,6,0,0,6,0,0,0,0,0
241,REST_X2,241,3,0,3,0,0,0,0,0,0,0,0,0,0,0,0,0,6,0,0,6,0,0,0,0,0
242,[X19_X2_GET_resp_2xx],242,3,0,0,0,0,0,0,0,0,0,0,0,0,0,0,0,6,0,0,3,0,0,0,0,0
243,[X16_X19_GET_resp_2xx],243,3,0,0,0,0,0,0,0,0,0,0,0,0,0,0,0,3,0,0,0,0,0,0,0,0
244,[X0_X16_GET_resp_2xx],244,0,0,0,0,0,0,0,0,0,0,0,0,0,0,0,0,0,0,0,0,0,0,0,0,0
245,REST_X0,245,2,0,0,0,0,0,0,0,0,0,0,0,0,0,0,0,0,0,0,0,0,0,0,0,0
246,[X0_X16_GET_req],246,3,0,0,0,0,0,0,0,0,0,0,0,0,0,0,0,1,0,0,0,0,0,0,0,0
247,REST_X16,247,3,0,0,0,0,0,0,0,0,0,0,0,0,0,0,0,2,0,0,0,0,0,0,0,0
248,REST_X16,248,3,0,0,0,0,0,0,0,0,0,0,0,0,0,0,0,5,0,0,0,0,0,0,0,0
249,[X16_X19_GET_req],249,3,0,0,0,0,0,0,0,0,0,0,0,0,0,0,0,6,0,0,1,0,0,0,0,0
250,REST_X19,250,3,0,0,0,0,0,0,0,0,0,0,0,0,0,0,0,6,0,0,2,0,0,0,0,0
251,REST_X19,251,3,0,0,0,0,0,0,0,0,0,0,0,0,0,0,0,6,0,0,5,0,0,0,0,0
252,[X19_X2_GET_req],252,3,0,1,0,0,0,0,0,0,0,0,0,0,0,0,0,6,0,0,6,0,0,0,0,0
253,REST_X2,253,3,0,2,0,0,0,0,0,0,0,0,0,0,0,0,0,6,0,0,6,0,0,0,0,0
254,REST_X2,254,3,0,3,0,0,0,0,0,0,0,0,0,0,0,0,0,6,0,0,6,0,0,0,0,0
255,[X19_X2_GET_resp_2xx],255,3,0,0,0,0,0,0,0,0,0,0,0,0,0,0,0,6,0,0,3,0,0,0,0,0
256,[X16_X19_GET_resp_2xx],256,3,0,0,0,0,0,0,0,0,0,0,0,0,0,0,0,3,0,0,0,0,0,0,0,0
257,[X0_X16_GET_resp_2xx],257,0,0,0,0,0,0,0,0,0,0,0,0,0,0,0,0,0,0,0,0,0,0,0,0,0
258,REST_X0,258,2,0,0,0,0,0,0,0,0,0,0,0,0,0,0,0,0,0,0,0,0,0,0,0,0
259,[X0_X16_GET_req],259,3,0,0,0,0,0,0,0,0,0,0,0,0,0,0,0,1,0,0,0,0,0,0,0,0
260,REST_X16,260,3,0,0,0,0,0,0,0,0,0,0,0,0,0,0,0,2,0,0,0,0,0,0,0,0
261,REST_X16,261,3,0,0,0,0,0,0,0,0,0,0,0,0,0,0,0,5,0,0,0,0,0,0,0,0
262,[X16_X19_GET_req],262,3,0,0,0,0,0,0,0,0,0,0,0,0,0,0,0,6,0,0,1,0,0,0,0,0
263,REST_X19,263,3,0,0,0,0,0,0,0,0,0,0,0,0,0,0,0,6,0,0,2,0,0,0,0,0
264,REST_X19,264,3,0,0,0,0,0,0,0,0,0,0,0,0,0,0,0,6,0,0,5,0,0,0,0,0
265,[X19_X2_GET_req],265,3,0,1,0,0,0,0,0,0,0,0,0,0,0,0,0,6,0,0,6,0,0,0,0,0
266,REST_X2,266,3,0,2,0,0,0,0,0,0,0,0,0,0,0,0,0,6,0,0,6,0,0,0,0,0
267,REST_X2,267,3,0,3,0,0,0,0,0,0,0,0,0,0,0,0,0,6,0,0,6,0,0,0,0,0
268,[X19_X2_GET_resp_2xx],268,3,0,0,0,0,0,0,0,0,0,0,0,0,0,0,0,6,0,0,3,0,0,0,0,0
269,[X16_X19_GET_resp_2xx],269,3,0,0,0,0,0,0,0,0,0,0,0,0,0,0,0,3,0,0,0,0,0,0,0,0
270,[X0_X16_GET_resp_2xx],270,0,0,0,0,0,0,0,0,0,0,0,0,0,0,0,0,0,0,0,0,0,0,0,0,0
271,REST_X0,271,10,0,0,0,0,0,0,0,0,0,0,0,0,0,0,0,0,0,0,0,0,0,0,0,0
272,[X0_X14_GET_req],272,11,0,0,0,0,0,0,0,0,0,0,0,0,0,1,0,0,0,0,0,0,0,0,0,0
273,REST_X14,273,11,0,0,0,0,0,0,0,0,0,0,0,0,0,2,0,0,0,0,0,0,0,0,0,0
274,REST_X14,274,11,0,0,0,0,0,0,0,0,0,0,0,0,0,5,0,0,0,0,0,0,0,0,0,0
275,[X14_X24_GET_req],275,11,0,0,0,0,0,0,0,0,0,0,0,0,0,6,0,0,0,0,0,0,0,0,0,1
276,REST_X24,276,11,0,0,0,0,0,0,0,0,0,0,0,0,0,6,0,0,0,0,0,0,0,0,0,2
277,REST_X24,277,11,0,0,0,0,0,0,0,0,0,0,0,0,0,6,0,0,0,0,0,0,0,0,0,5
278,[X24_X18_GET_req],278,11,0,0,0,0,0,0,0,0,0,0,0,0,0,6,0,0,0,1,0,0,0,0,0,6
279,REST_X18,279,11,0,0,0,0,0,0,0,0,0,0,0,0,0,6,0,0,0,2,0,0,0,0,0,6
280,REST_X18,280,11,0,0,0,0,0,0,0,0,0,0,0,0,0,6,0,0,0,5,0,0,0,0,0,6
281,[X18_X3_GET_req],281,11,0,0,1,0,0,0,0,0,0,0,0,0,0,6,0,0,0,6,0,0,0,0,0,6
282,REST_X3,282,11,0,0,2,0,0,0,0,0,0,0,0,0,0,6,0,0,0,6,0,0,0,0,0,6
283,REST_X3,283,11,0,0,5,0,0,0,0,0,0,0,0,0,0,6,0,0,0,6,0,0,0,0,0,6
284,[X3_X5_GET_req],284,11,0,0,6,0,1,0,0,0,0,0,0,0,0,6,0,0,0,6,0,0,0,0,0,6
285,REST_X5,285,11,0,0,6,0,2,0,0,0,0,0,0,0,0,6,0,0,0,6,0,0,0,0,0,6
286,REST_X5,286,11,0,0,6,0,5,0,0,0,0,0,0,0,0,6,0,0,0,6,0,0,0,0,0,6
287,[X5_X1_GET_req],287,11,1,0,6,0,6,0,0,0,0,0,0,0,0,6,0,0,0,6,0,0,0,0,0,6
288,REST_X1,288,11,2,0,6,0,6,0,0,0,0,0,0,0,0,6,0,0,0,6,0,0,0,0,0,6
289,REST_X1,289,11,5,0,6,0,6,0,0,0,0,0,0,0,0,6,0,0,0,6,0,0,0,0,0,6
290,[X1_X20_GET_req],290,11,6,0,6,0,6,0,0,0,0,0,0,0,0,6,0,0,0,6,0,1,0,0,0,6
291,REST_X20,291,11,6,0,6,0,6,0,0,0,0,0,0,0,0,6,0,0,0,6,0,2,0,0,0,6
292,REST_X20,292,11,6,0,6,0,6,0,0,0,0,0,0,0,0,6,0,0,0,6,0,5,0,0,0,6
293,[X20_X13_GET_req],293,11,6,0,6,0,6,0,0,0,0,0,0,0,1,6,0,0,0,6,0,6,0,0,0,6
294,REST_X13,294,11,6,0,6,0,6,0,0,0,0,0,0,0,2,6,0,0,0,6,0,6,0,0,0,6
295,REST_X13,295,11,6,0,6,0,6,0,0,0,0,0,0,0,3,6,0,0,0,6,0,6,0,0,0,6
296,[X20_X13_GET_resp_2xx],296,11,6,0,6,0,6,0,0,0,0,0,0,0,0,6,0,0,0,6,0,3,0,0,0,6
297,[X1_X20_GET_resp_2xx],297,11,3,0,6,0,6,0,0,0,0,0,0,0,0,6,0,0,0,6,0,0,0,0,0,6
298,[X5_X1_GET_resp_2xx],298,11,0,0,6,0,3,0,0,0,0,0,0,0,0,6,0,0,0,6,0,0,0,0,0,6
299,[X3_X5_GET_resp_2xx],299,11,0,0,3,0,0,0,0,0,0,0,0,0,0,6,0,0,0,6,0,0,0,0,0,6
300,[X18_X3_GET_resp_2xx],300,11,0,0,0,0,0,0,0,0,0,0,0,0,0,6,0,0,0,3,0,0,0,0,0,6
301,[X24_X18_GET_resp_2xx],301,11,0,0,0,0,0,0,0,0,0,0,0,0,0,6,0,0,0,0,0,0,0,0,0,3
302,[X14_X24_GET_resp_2xx],302,11,0,0,0,0,0,0,0,0,0,0,0,0,0,3,0,0,0,0,0,0,0,0,0,0
303,[X0_X14_GET_resp_2xx],303,0,0,0,0,0,0,0,0,0,0,0,0,0,0,0,0,0,0,0,0,0,0,0,0,0
304,REST_X0,304,10,0,0,0,0,0,0,0,0,0,0,0,0,0,0,0,0,0,0,0,0,0,0,0,0
305,[X0_X14_GET_req],305,11,0,0,0,0,0,0,0,0,0,0,0,0,0,1,0,0,0,0,0,0,0,0,0,0
306,REST_X14,306,11,0,0,0,0,0,0,0,0,0,0,0,0,0,2,0,0,0,0,0,0,0,0,0,0
307,REST_X14,307,11,0,0,0,0,0,0,0,0,0,0,0,0,0,5,0,0,0,0,0,0,0,0,0,0
308,[X14_X24_GET_req],308,11,0,0,0,0,0,0,0,0,0,0,0,0,0,6,0,0,0,0,0,0,0,0,0,1
309,REST_X24,309,11,0,0,0,0,0,0,0,0,0,0,0,0,0,6,0,0,0,0,0,0,0,0,0,2
310,REST_X24,310,11,0,0,0,0,0,0,0,0,0,0,0,0,0,6,0,0,0,0,0,0,0,0,0,5
311,[X24_X18_GET_req],311,11,0,0,0,0,0,0,0,0,0,0,0,0,0,6,0,0,0,1,0,0,0,0,0,6
312,REST_X18,312,11,0,0,0,0,0,0,0,0,0,0,0,0,0,6,0,0,0,2,0,0,0,0,0,6
313,REST_X18,313,11,0,0,0,0,0,0,0,0,0,0,0,0,0,6,0,0,0,5,0,0,0,0,0,6
314,[X18_X3_GET_req],314,11,0,0,1,0,0,0,0,0,0,0,0,0,0,6,0,0,0,6,0,0,0,0,0,6
315,REST_X3,315,11,0,0,2,0,0,0,0,0,0,0,0,0,0,6,0,0,0,6,0,0,0,0,0,6
316,REST_X3,316,11,0,0,9,0,0,0,0,0,0,0,0,0,0,6,0,0,0,6,0,0,0,0,0,6
317,[X3_X17_GET_req],317,11,0,0,10,0,0,0,0,0,0,0,0,0,0,6,0,0,1,6,0,0,0,0,0,6
318,REST_X17,318,11,0,0,10,0,0,0,0,0,0,0,0,0,0,6,0,0,2,6,0,0,0,0,0,6
319,REST_X17,319,11,0,0,10,0,0,0,0,0,0,0,0,0,0,6,0,0,5,6,0,0,0,0,0,6
320,[X17_X12_GET_req],320,11,0,0,10,0,0,0,0,0,0,0,0,1,0,6,0,0,6,6,0,0,0,0,0,6
321,REST_X12,321,11,0,0,10,0,0,0,0,0,0,0,0,2,0,6,0,0,6,6,0,0,0,0,0,6
322,REST_X12,322,11,0,0,10,0,0,0,0,0,0,0,0,5,0,6,0,0,6,6,0,0,0,0,0,6
323,[X12_X7_GET_req],323,11,0,0,10,0,0,0,1,0,0,0,0,6,0,6,0,0,6,6,0,0,0,0,0,6
324,REST_X7,324,11,0,0,10,0,0,0,2,0,0,0,0,6,0,6,0,0,6,6,0,0,0,0,0,6
325,REST_X7,325,11,0,0,10,0,0,0,5,0,0,0,0,6,0,6,0,0,6,6,0,0,0,0,0,6
326,[X7_X21_GET_req],326,11,0,0,10,0,0,0,6,0,0,0,0,6,0,6,0,0,6,6,0,0,1,0,0,6
327,REST_X21,327,11,0,0,10,0,0,0,6,0,0,0,0,6,0,6,0,0,6,6,0,0,2,0,0,6
328,REST_X21,328,11,0,0,10,0,0,0,6,0,0,0,0,6,0,6,0,0,6,6,0,0,3,0,0,6
329,[X7_X21_GET_resp_2xx],329,11,0,0,10,0,0,0,3,0,0,0,0,6,0,6,0,0,6,6,0,0,0,0,0,6
330,[X12_X7_GET_resp_2xx],330,11,0,0,10,0,0,0,0,0,0,0,0,3,0,6,0,0,6,6,0,0,0,0,0,6
331,[X17_X12_GET_resp_2xx],331,11,0,0,10,0,0,0,0,0,0,0,0,0,0,6,0,0,3,6,0,0,0,0,0,6
332,[X3_X17_GET_resp_2xx],332,11,0,0,3,0,0,0,0,0,0,0,0,0,0,6,0,0,0,6,0,0,0,0,0,6
333,[X18_X3_GET_resp_2xx],333,11,0,0,0,0,0,0,0,0,0,0,0,0,0,6,0,0,0,3,0,0,0,0,0,6
334,[X24_X18_GET_resp_2xx],334,11,0,0,0,0,0,0,0,0,0,0,0,0,0,6,0,0,0,0,0,0,0,0,0,3
335,[X14_X24_GET_resp_2xx],335,11,0,0,0,0,0,0,0,0,0,0,0,0,0,3,0,0,0,0,0,0,0,0,0,0
336,[X0_X14_GET_resp_2xx],336,0,0,0,0,0,0,0,0,0,0,0,0,0,0,0,0,0,0,0,0,0,0,0,0,0
337,REST_X0,337,10,0,0,0,0,0,0,0,0,0,0,0,0,0,0,0,0,0,0,0,0,0,0,0,0
338,[X0_X14_GET_req],338,11,0,0,0,0,0,0,0,0,0,0,0,0,0,1,0,0,0,0,0,0,0,0,0,0
339,REST_X14,339,11,0,0,0,0,0,0,0,0,0,0,0,0,0,2,0,0,0,0,0,0,0,0,0,0
340,REST_X14,340,11,0,0,0,0,0,0,0,0,0,0,0,0,0,5,0,0,0,0,0,0,0,0,0,0
341,[X14_X24_GET_req],341,11,0,0,0,0,0,0,0,0,0,0,0,0,0,6,0,0,0,0,0,0,0,0,0,1
342,REST_X24,342,11,0,0,0,0,0,0,0,0,0,0,0,0,0,6,0,0,0,0,0,0,0,0,0,2
343,REST_X24,343,11,0,0,0,0,0,0,0,0,0,0,0,0,0,6,0,0,0,0,0,0,0,0,0,5
344,[X24_X18_GET_req],344,11,0,0,0,0,0,0,0,0,0,0,0,0,0,6,0,0,0,1,0,0,0,0,0,6
345,REST_X18,345,11,0,0,0,0,0,0,0,0,0,0,0,0,0,6,0,0,0,2,0,0,0,0,0,6
346,REST_X18,346,11,0,0,0,0,0,0,0,0,0,0,0,0,0,6,0,0,0,5,0,0,0,0,0,6
347,[X18_X3_GET_req],347,11,0,0,1,0,0,0,0,0,0,0,0,0,0,6,0,0,0,6,0,0,0,0,0,6
348,REST_X3,348,11,0,0,2,0,0,0,0,0,0,0,0,0,0,6,0,0,0,6,0,0,0,0,0,6
349,REST_X3,349,11,0,0,5,0,0,0,0,0,0,0,0,0,0,6,0,0,0,6,0,0,0,0,0,6
350,[X3_X5_GET_req],350,11,0,0,6,0,1,0,0,0,0,0,0,0,0,6,0,0,0,6,0,0,0,0,0,6
351,REST_X5,351,11,0,0,6,0,2,0,0,0,0,0,0,0,0,6,0,0,0,6,0,0,0,0,0,6
352,REST_X5,352,11,0,0,6,0,5,0,0,0,0,0,0,0,0,6,0,0,0,6,0,0,0,0,0,6
353,[X5_X1_GET_req],353,11,1,0,6,0,6,0,0,0,0,0,0,0,0,6,0,0,0,6,0,0,0,0,0,6
354,REST_X1,354,11,2,0,6,0,6,0,0,0,0,0,0,0,0,6,0,0,0,6,0,0,0,0,0,6
355,REST_X1,355,11,5,0,6,0,6,0,0,0,0,0,0,0,0,6,0,0,0,6,0,0,0,0,0,6
356,[X1_X20_GET_req],356,11,6,0,6,0,6,0,0,0,0,0,0,0,0,6,0,0,0,6,0,1,0,0,0,6
357,REST_X20,357,11,6,0,6,0,6,0,0,0,0,0,0,0,0,6,0,0,0,6,0,2,0,0,0,6
358,REST_X20,358,11,6,0,6,0,6,0,0,0,0,0,0,0,0,6,0,0,0,6,0,9,0,0,0,6
359,[X20_X22_GET_req],359,11,6,0,6,0,6,0,0,0,0,0,0,0,0,6,0,0,0,6,0,10,0,1,0,6
360,REST_X22,360,11,6,0,6,0,6,0,0,0,0,0,0,0,0,6,0,0,0,6,0,10,0,2,0,6
361,REST_X22,361,11,6,0,6,0,6,0,0,0,0,0,0,0,0,6,0,0,0,6,0,10,0,5,0,6
362,[X22_X9_GET_req],362,11,6,0,6,0,6,0,0,0,1,0,0,0,0,6,0,0,0,6,0,10,0,6,0,6
363,REST_X9,363,11,6,0,6,0,6,0,0,0,2,0,0,0,0,6,0,0,0,6,0,10,0,6,0,6
364,REST_X9,364,11,6,0,6,0,6,0,0,0,3,0,0,0,0,6,0,0,0,6,0,10,0,6,0,6
365,[X22_X9_GET_resp_2xx],365,11,6,0,6,0,6,0,0,0,0,0,0,0,0,6,0,0,0,6,0,10,0,3,0,6
366,[X20_X22_GET_resp_2xx],366,11,6,0,6,0,6,0,0,0,0,0,0,0,0,6,0,0,0,6,0,3,0,0,0,6
367,[X1_X20_GET_resp_2xx],367,11,3,0,6,0,6,0,0,0,0,0,0,0,0,6,0,0,0,6,0,0,0,0,0,6
368,[X5_X1_GET_resp_2xx],368,11,0,0,6,0,3,0,0,0,0,0,0,0,0,6,0,0,0,6,0,0,0,0,0,6
369,[X3_X5_GET_resp_2xx],369,11,0,0,3,0,0,0,0,0,0,0,0,0,0,6,0,0,0,6,0,0,0,0,0,6
370,[X18_X3_GET_resp_2xx],370,11,0,0,0,0,0,0,0,0,0,0,0,0,0,6,0,0,0,3,0,0,0,0,0,6
371,[X24_X18_GET_resp_2xx],371,11,0,0,0,0,0,0,0,0,0,0,0,0,0,6,0,0,0,0,0,0,0,0,0,3
372,[X14_X24_GET_resp_2xx],372,11,0,0,0,0,0,0,0,0,0,0,0,0,0,3,0,0,0,0,0,0,0,0,0,0
373,[X0_X14_GET_resp_2xx],373,0,0,0,0,0,0,0,0,0,0,0,0,0,0,0,0,0,0,0,0,0,0,0,0,0
374,REST_X0,374,2,0,0,0,0,0,0,0,0,0,0,0,0,0,0,0,0,0,0,0,0,0,0,0,0
375,[X0_X16_GET_req],375,3,0,0,0,0,0,0,0,0,0,0,0,0,0,0,0,1,0,0,0,0,0,0,0,0
376,REST_X16,376,3,0,0,0,0,0,0,0,0,0,0,0,0,0,0,0,2,0,0,0,0,0,0,0,0
377,REST_X16,377,3,0,0,0,0,0,0,0,0,0,0,0,0,0,0,0,5,0,0,0,0,0,0,0,0
378,[X16_X19_GET_req],378,3,0,0,0,0,0,0,0,0,0,0,0,0,0,0,0,6,0,0,1,0,0,0,0,0
379,REST_X19,379,3,0,0,0,0,0,0,0,0,0,0,0,0,0,0,0,6,0,0,2,0,0,0,0,0
380,REST_X19,380,3,0,0,0,0,0,0,0,0,0,0,0,0,0,0,0,6,0,0,5,0,0,0,0,0
381,[X19_X2_GET_req],381,3,0,1,0,0,0,0,0,0,0,0,0,0,0,0,0,6,0,0,6,0,0,0,0,0
382,REST_X2,382,3,0,2,0,0,0,0,0,0,0,0,0,0,0,0,0,6,0,0,6,0,0,0,0,0
383,REST_X2,383,3,0,3,0,0,0,0,0,0,0,0,0,0,0,0,0,6,0,0,6,0,0,0,0,0
384,[X19_X2_GET_resp_2xx],384,3,0,0,0,0,0,0,0,0,0,0,0,0,0,0,0,6,0,0,3,0,0,0,0,0
385,[X16_X19_GET_resp_2xx],385,3,0,0,0,0,0,0,0,0,0,0,0,0,0,0,0,3,0,0,0,0,0,0,0,0
386,[X0_X16_GET_resp_2xx],386,0,0,0,0,0,0,0,0,0,0,0,0,0,0,0,0,0,0,0,0,0,0,0,0,0
387,REST_X0,387,10,0,0,0,0,0,0,0,0,0,0,0,0,0,0,0,0,0,0,0,0,0,0,0,0
388,[X0_X14_GET_req],388,11,0,0,0,0,0,0,0,0,0,0,0,0,0,1,0,0,0,0,0,0,0,0,0,0
389,REST_X14,389,11,0,0,0,0,0,0,0,0,0,0,0,0,0,2,0,0,0,0,0,0,0,0,0,0
390,REST_X14,390,11,0,0,0,0,0,0,0,0,0,0,0,0,0,5,0,0,0,0,0,0,0,0,0,0
391,[X14_X24_GET_req],391,11,0,0,0,0,0,0,0,0,0,0,0,0,0,6,0,0,0,0,0,0,0,0,0,1
392,REST_X24,392,11,0,0,0,0,0,0,0,0,0,0,0,0,0,6,0,0,0,0,0,0,0,0,0,2
393,REST_X24,393,11,0,0,0,0,0,0,0,0,0,0,0,0,0,6,0,0,0,0,0,0,0,0,0,5
394,[X24_X18_GET_req],394,11,0,0,0,0,0,0,0,0,0,0,0,0,0,6,0,0,0,1,0,0,0,0,0,6
395,REST_X18,395,11,0,0,0,0,0,0,0,0,0,0,0,0,0,6,0,0,0,2,0,0,0,0,0,6
396,REST_X18,396,11,0,0,0,0,0,0,0,0,0,0,0,0,0,6,0,0,0,5,0,0,0,0,0,6
397,[X18_X3_GET_req],397,11,0,0,1,0,0,0,0,0,0,0,0,0,0,6,0,0,0,6,0,0,0,0,0,6
398,REST_X3,398,11,0,0,2,0,0,0,0,0,0,0,0,0,0,6,0,0,0,6,0,0,0,0,0,6
399,REST_X3,399,11,0,0,9,0,0,0,0,0,0,0,0,0,0,6,0,0,0,6,0,0,0,0,0,6
400,[X3_X17_GET_req],400,11,0,0,10,0,0,0,0,0,0,0,0,0,0,6,0,0,1,6,0,0,0,0,0,6
401,REST_X17,401,11,0,0,10,0,0,0,0,0,0,0,0,0,0,6,0,0,2,6,0,0,0,0,0,6
402,REST_X17,402,11,0,0,10,0,0,0,0,0,0,0,0,0,0,6,0,0,5,6,0,0,0,0,0,6
403,[X17_X12_GET_req],403,11,0,0,10,0,0,0,0,0,0,0,0,1,0,6,0,0,6,6,0,0,0,0,0,6
404,REST_X12,404,11,0,0,10,0,0,0,0,0,0,0,0,2,0,6,0,0,6,6,0,0,0,0,0,6
405,REST_X12,405,11,0,0,10,0,0,0,0,0,0,0,0,5,0,6,0,0,6,6,0,0,0,0,0,6
406,[X12_X7_GET_req],406,11,0,0,10,0,0,0,1,0,0,0,0,6,0,6,0,0,6,6,0,0,0,0,0,6
407,REST_X7,407,11,0,0,10,0,0,0,2,0,0,0,0,6,0,6,0,0,6,6,0,0,0,0,0,6
408,REST_X7,408,11,0,0,10,0,0,0,5,0,0,0,0,6,0,6,0,0,6,6,0,0,0,0,0,6
409,[X7_X21_GET_req],409,11,0,0,10,0,0,0,6,0,0,0,0,6,0,6,0,0,6,6,0,0,1,0,0,6
410,REST_X21,410,11,0,0,10,0,0,0,6,0,0,0,0,6,0,6,0,0,6,6,0,0,2,0,0,6
411,REST_X21,411,11,0,0,10,0,0,0,6,0,0,0,0,6,0,6,0,0,6,6,0,0,3,0,0,6
412,[X7_X21_GET_resp_2xx],412,11,0,0,10,0,0,0,3,0,0,0,0,6,0,6,0,0,6,6,0,0,0,0,0,6
413,[X12_X7_GET_resp_2xx],413,11,0,0,10,0,0,0,0,0,0,0,0,3,0,6,0,0,6,6,0,0,0,0,0,6
414,[X17_X12_GET_resp_2xx],414,11,0,0,10,0,0,0,0,0,0,0,0,0,0,6,0,0,3,6,0,0,0,0,0,6
415,[X3_X17_GET_resp_2xx],415,11,0,0,3,0,0,0,0,0,0,0,0,0,0,6,0,0,0,6,0,0,0,0,0,6
416,[X18_X3_GET_resp_2xx],416,11,0,0,0,0,0,0,0,0,0,0,0,0,0,6,0,0,0,3,0,0,0,0,0,6
417,[X24_X18_GET_resp_2xx],417,11,0,0,0,0,0,0,0,0,0,0,0,0,0,6,0,0,0,0,0,0,0,0,0,3
418,[X14_X24_GET_resp_2xx],418,11,0,0,0,0,0,0,0,0,0,0,0,0,0,3,0,0,0,0,0,0,0,0,0,0
419,[X0_X14_GET_resp_2xx],419,0,0,0,0,0,0,0,0,0,0,0,0,0,0,0,0,0,0,0,0,0,0,0,0,0
420,REST_X0,420,10,0,0,0,0,0,0,0,0,0,0,0,0,0,0,0,0,0,0,0,0,0,0,0,0
421,[X0_X14_GET_req],421,11,0,0,0,0,0,0,0,0,0,0,0,0,0,1,0,0,0,0,0,0,0,0,0,0
422,REST_X14,422,11,0,0,0,0,0,0,0,0,0,0,0,0,0,2,0,0,0,0,0,0,0,0,0,0
423,REST_X14,423,11,0,0,0,0,0,0,0,0,0,0,0,0,0,5,0,0,0,0,0,0,0,0,0,0
424,[X14_X24_GET_req],424,11,0,0,0,0,0,0,0,0,0,0,0,0,0,6,0,0,0,0,0,0,0,0,0,1
425,REST_X24,425,11,0,0,0,0,0,0,0,0,0,0,0,0,0,6,0,0,0,0,0,0,0,0,0,2
426,REST_X24,426,11,0,0,0,0,0,0,0,0,0,0,0,0,0,6,0,0,0,0,0,0,0,0,0,5
427,[X24_X18_GET_req],427,11,0,0,0,0,0,0,0,0,0,0,0,0,0,6,0,0,0,1,0,0,0,0,0,6
428,REST_X18,428,11,0,0,0,0,0,0,0,0,0,0,0,0,0,6,0,0,0,2,0,0,0,0,0,6
429,REST_X18,429,11,0,0,0,0,0,0,0,0,0,0,0,0,0,6,0,0,0,5,0,0,0,0,0,6
430,[X18_X3_GET_req],430,11,0,0,1,0,0,0,0,0,0,0,0,0,0,6,0,0,0,6,0,0,0,0,0,6
431,REST_X3,431,11,0,0,2,0,0,0,0,0,0,0,0,0,0,6,0,0,0,6,0,0,0,0,0,6
432,REST_X3,432,11,0,0,5,0,0,0,0,0,0,0,0,0,0,6,0,0,0,6,0,0,0,0,0,6
433,[X3_X5_GET_req],433,11,0,0,6,0,1,0,0,0,0,0,0,0,0,6,0,0,0,6,0,0,0,0,0,6
434,REST_X5,434,11,0,0,6,0,2,0,0,0,0,0,0,0,0,6,0,0,0,6,0,0,0,0,0,6
435,REST_X5,435,11,0,0,6,0,5,0,0,0,0,0,0,0,0,6,0,0,0,6,0,0,0,0,0,6
436,[X5_X1_GET_req],436,11,1,0,6,0,6,0,0,0,0,0,0,0,0,6,0,0,0,6,0,0,0,0,0,6
437,REST_X1,437,11,2,0,6,0,6,0,0,0,0,0,0,0,0,6,0,0,0,6,0,0,0,0,0,6
438,REST_X1,438,11,5,0,6,0,6,0,0,0,0,0,0,0,0,6,0,0,0,6,0,0,0,0,0,6
439,[X1_X20_GET_req],439,11,6,0,6,0,6,0,0,0,0,0,0,0,0,6,0,0,0,6,0,1,0,0,0,6
440,REST_X20,440,11,6,0,6,0,6,0,0,0,0,0,0,0,0,6,0,0,0,6,0,2,0,0,0,6
441,REST_X20,441,11,6,0,6,0,6,0,0,0,0,0,0,0,0,6,0,0,0,6,0,9,0,0,0,6
442,[X20_X22_GET_req],442,11,6,0,6,0,6,0,0,0,0,0,0,0,0,6,0,0,0,6,0,10,0,1,0,6
443,REST_X22,443,11,6,0,6,0,6,0,0,0,0,0,0,0,0,6,0,0,0,6,0,10,0,2,0,6
444,REST_X22,444,11,6,0,6,0,6,0,0,0,0,0,0,0,0,6,0,0,0,6,0,10,0,5,0,6
445,[X22_X9_GET_req],445,11,6,0,6,0,6,0,0,0,1,0,0,0,0,6,0,0,0,6,0,10,0,6,0,6
446,REST_X9,446,11,6,0,6,0,6,0,0,0,2,0,0,0,0,6,0,0,0,6,0,10,0,6,0,6
447,REST_X9,447,11,6,0,6,0,6,0,0,0,3,0,0,0,0,6,0,0,0,6,0,10,0,6,0,6
448,[X22_X9_GET_resp_2xx],448,11,6,0,6,0,6,0,0,0,0,0,0,0,0,6,0,0,0,6,0,10,0,3,0,6
449,[X20_X22_GET_resp_2xx],449,11,6,0,6,0,6,0,0,0,0,0,0,0,0,6,0,0,0,6,0,3,0,0,0,6
450,[X1_X20_GET_resp_2xx],450,11,3,0,6,0,6,0,0,0,0,0,0,0,0,6,0,0,0,6,0,0,0,0,0,6
451,[X5_X1_GET_resp_2xx],451,11,0,0,6,0,3,0,0,0,0,0,0,0,0,6,0,0,0,6,0,0,0,0,0,6
452,[X3_X5_GET_resp_2xx],452,11,0,0,3,0,0,0,0,0,0,0,0,0,0,6,0,0,0,6,0,0,0,0,0,6
453,[X18_X3_GET_resp_2xx],453,11,0,0,0,0,0,0,0,0,0,0,0,0,0,6,0,0,0,3,0,0,0,0,0,6
454,[X24_X18_GET_resp_2xx],454,11,0,0,0,0,0,0,0,0,0,0,0,0,0,6,0,0,0,0,0,0,0,0,0,3
455,[X14_X24_GET_resp_2xx],455,11,0,0,0,0,0,0,0,0,0,0,0,0,0,3,0,0,0,0,0,0,0,0,0,0
456,[X0_X14_GET_resp_2xx],456,0,0,0,0,0,0,0,0,0,0,0,0,0,0,0,0,0,0,0,0,0,0,0,0,0
457,REST_X0,457,10,0,0,0,0,0,0,0,0,0,0,0,0,0,0,0,0,0,0,0,0,0,0,0,0
458,[X0_X14_GET_req],458,11,0,0,0,0,0,0,0,0,0,0,0,0,0,1,0,0,0,0,0,0,0,0,0,0
459,REST_X14,459,11,0,0,0,0,0,0,0,0,0,0,0,0,0,2,0,0,0,0,0,0,0,0,0,0
460,REST_X14,460,11,0,0,0,0,0,0,0,0,0,0,0,0,0,5,0,0,0,0,0,0,0,0,0,0
461,[X14_X24_GET_req],461,11,0,0,0,0,0,0,0,0,0,0,0,0,0,6,0,0,0,0,0,0,0,0,0,1
462,REST_X24,462,11,0,0,0,0,0,0,0,0,0,0,0,0,0,6,0,0,0,0,0,0,0,0,0,2
463,REST_X24,463,11,0,0,0,0,0,0,0,0,0,0,0,0,0,6,0,0,0,0,0,0,0,0,0,5
464,[X24_X18_GET_req],464,11,0,0,0,0,0,0,0,0,0,0,0,0,0,6,0,0,0,1,0,0,0,0,0,6
465,REST_X18,465,11,0,0,0,0,0,0,0,0,0,0,0,0,0,6,0,0,0,2,0,0,0,0,0,6
466,REST_X18,466,11,0,0,0,0,0,0,0,0,0,0,0,0,0,6,0,0,0,5,0,0,0,0,0,6
467,[X18_X3_GET_req],467,11,0,0,1,0,0,0,0,0,0,0,0,0,0,6,0,0,0,6,0,0,0,0,0,6
468,REST_X3,468,11,0,0,2,0,0,0,0,0,0,0,0,0,0,6,0,0,0,6,0,0,0,0,0,6
469,REST_X3,469,11,0,0,9,0,0,0,0,0,0,0,0,0,0,6,0,0,0,6,0,0,0,0,0,6
470,[X3_X17_GET_req],470,11,0,0,10,0,0,0,0,0,0,0,0,0,0,6,0,0,1,6,0,0,0,0,0,6
471,REST_X17,471,11,0,0,10,0,0,0,0,0,0,0,0,0,0,6,0,0,2,6,0,0,0,0,0,6
472,REST_X17,472,11,0,0,10,0,0,0,0,0,0,0,0,0,0,6,0,0,5,6,0,0,0,0,0,6
473,[X17_X12_GET_req],473,11,0,0,10,0,0,0,0,0,0,0,0,1,0,6,0,0,6,6,0,0,0,0,0,6
474,REST_X12,474,11,0,0,10,0,0,0,0,0,0,0,0,2,0,6,0,0,6,6,0,0,0,0,0,6
475,REST_X12,475,11,0,0,10,0,0,0,0,0,0,0,0,5,0,6,0,0,6,6,0,0,0,0,0,6
476,[X12_X7_GET_req],476,11,0,0,10,0,0,0,1,0,0,0,0,6,0,6,0,0,6,6,0,0,0,0,0,6
477,REST_X7,477,11,0,0,10,0,0,0,2,0,0,0,0,6,0,6,0,0,6,6,0,0,0,0,0,6
478,REST_X7,478,11,0,0,10,0,0,0,5,0,0,0,0,6,0,6,0,0,6,6,0,0,0,0,0,6
479,[X7_X21_GET_req],479,11,0,0,10,0,0,0,6,0,0,0,0,6,0,6,0,0,6,6,0,0,1,0,0,6
480,REST_X21,480,11,0,0,10,0,0,0,6,0,0,0,0,6,0,6,0,0,6,6,0,0,2,0,0,6
481,REST_X21,481,11,0,0,10,0,0,0,6,0,0,0,0,6,0,6,0,0,6,6,0,0,3,0,0,6
482,[X7_X21_GET_resp_2xx],482,11,0,0,10,0,0,0,3,0,0,0,0,6,0,6,0,0,6,6,0,0,0,0,0,6
483,[X12_X7_GET_resp_2xx],483,11,0,0,10,0,0,0,0,0,0,0,0,3,0,6,0,0,6,6,0,0,0,0,0,6
484,[X17_X12_GET_resp_2xx],484,11,0,0,10,0,0,0,0,0,0,0,0,0,0,6,0,0,3,6,0,0,0,0,0,6
485,[X3_X17_GET_resp_2xx],485,11,0,0,3,0,0,0,0,0,0,0,0,0,0,6,0,0,0,6,0,0,0,0,0,6
486,[X18_X3_GET_resp_2xx],486,11,0,0,0,0,0,0,0,0,0,0,0,0,0,6,0,0,0,3,0,0,0,0,0,6
487,[X24_X18_GET_resp_2xx],487,11,0,0,0,0,0,0,0,0,0,0,0,0,0,6,0,0,0,0,0,0,0,0,0,3
488,[X14_X24_GET_resp_2xx],488,11,0,0,0,0,0,0,0,0,0,0,0,0,0,3,0,0,0,0,0,0,0,0,0,0
489,[X0_X14_GET_resp_2xx],489,0,0,0,0,0,0,0,0,0,0,0,0,0,0,0,0,0,0,0,0,0,0,0,0,0
490,REST_X0,490,10,0,0,0,0,0,0,0,0,0,0,0,0,0,0,0,0,0,0,0,0,0,0,0,0
491,[X0_X14_GET_req],491,11,0,0,0,0,0,0,0,0,0,0,0,0,0,1,0,0,0,0,0,0,0,0,0,0
492,REST_X14,492,11,0,0,0,0,0,0,0,0,0,0,0,0,0,2,0,0,0,0,0,0,0,0,0,0
493,REST_X14,493,11,0,0,0,0,0,0,0,0,0,0,0,0,0,5,0,0,0,0,0,0,0,0,0,0
494,[X14_X24_GET_req],494,11,0,0,0,0,0,0,0,0,0,0,0,0,0,6,0,0,0,0,0,0,0,0,0,1
495,REST_X24,495,11,0,0,0,0,0,0,0,0,0,0,0,0,0,6,0,0,0,0,0,0,0,0,0,2
496,REST_X24,496,11,0,0,0,0,0,0,0,0,0,0,0,0,0,6,0,0,0,0,0,0,0,0,0,5
497,[X24_X18_GET_req],497,11,0,0,0,0,0,0,0,0,0,0,0,0,0,6,0,0,0,1,0,0,0,0,0,6
498,REST_X18,498,11,0,0,0,0,0,0,0,0,0,0,0,0,0,6,0,0,0,2,0,0,0,0,0,6
499,REST_X18,499,11,0,0,0,0,0,0,0,0,0,0,0,0,0,6,0,0,0,5,0,0,0,0,0,6
500,[X18_X3_GET_req],500,11,0,0,1,0,0,0,0,0,0,0,0,0,0,6,0,0,0,6,0,0,0,0,0,6
501,REST_X3,501,11,0,0,2,0,0,0,0,0,0,0,0,0,0,6,0,0,0,6,0,0,0,0,0,6
502,REST_X3,502,11,0,0,9,0,0,0,0,0,0,0,0,0,0,6,0,0,0,6,0,0,0,0,0,6
503,[X3_X17_GET_req],503,11,0,0,10,0,0,0,0,0,0,0,0,0,0,6,0,0,1,6,0,0,0,0,0,6
504,REST_X17,504,11,0,0,10,0,0,0,0,0,0,0,0,0,0,6,0,0,2,6,0,0,0,0,0,6
505,REST_X17,505,11,0,0,10,0,0,0,0,0,0,0,0,0,0,6,0,0,5,6,0,0,0,0,0,6
506,[X17_X12_GET_req],506,11,0,0,10,0,0,0,0,0,0,0,0,1,0,6,0,0,6,6,0,0,0,0,0,6
507,REST_X12,507,11,0,0,10,0,0,0,0,0,0,0,0,2,0,6,0,0,6,6,0,0,0,0,0,6
508,REST_X12,508,11,0,0,10,0,0,0,0,0,0,0,0,5,0,6,0,0,6,6,0,0,0,0,0,6
509,[X12_X7_GET_req],509,11,0,0,10,0,0,0,1,0,0,0,0,6,0,6,0,0,6,6,0,0,0,0,0,6
510,REST_X7,510,11,0,0,10,0,0,0,2,0,0,0,0,6,0,6,0,0,6,6,0,0,0,0,0,6
511,REST_X7,511,11,0,0,10,0,0,0,9,0,0,0,0,6,0,6,0,0,6,6,0,0,0,0,0,6
512,[X7_X15_GET_req],512,11,0,0,10,0,0,0,10,0,0,0,0,6,0,6,1,0,6,6,0,0,0,0,0,6
513,REST_X15,513,11,0,0,10,0,0,0,10,0,0,0,0,6,0,6,2,0,6,6,0,0,0,0,0,6
514,REST_X15,514,11,0,0,10,0,0,0,10,0,0,0,0,6,0,6,5,0,6,6,0,0,0,0,0,6
515,[X15_X11_GET_req],515,11,0,0,10,0,0,0,10,0,0,0,1,6,0,6,6,0,6,6,0,0,0,0,0,6
516,REST_X11,516,11,0,0,10,0,0,0,10,0,0,0,2,6,0,6,6,0,6,6,0,0,0,0,0,6
517,REST_X11,517,11,0,0,10,0,0,0,10,0,0,0,5,6,0,6,6,0,6,6,0,0,0,0,0,6
518,[X11_X8_GET_req],518,11,0,0,10,0,0,0,10,1,0,0,6,6,0,6,6,0,6,6,0,0,0,0,0,6
519,REST_X8,519,11,0,0,10,0,0,0,10,2,0,0,6,6,0,6,6,0,6,6,0,0,0,0,0,6
520,REST_X8,520,11,0,0,10,0,0,0,10,5,0,0,6,6,0,6,6,0,6,6,0,0,0,0,0,6
521,[X8_X4_GET_req],521,11,0,0,10,5,0,0,10,6,0,0,6,6,0,6,6,0,6,6,0,0,0,0,0,6
522,REST_X4,522,11,0,0,10,6,0,0,10,6,0,0,6,6,0,6,6,0,6,6,0,0,0,0,0,6
523,REST_X4,523,11,0,0,10,8,0,0,10,6,0,0,6,6,0,6,6,0,6,6,0,0,0,0,0,6
524,[X8_X4_GET_resp_5xx],524,11,0,0,10,0,0,0,10,7,0,0,6,6,0,6,6,0,6,6,0,0,0,0,0,6
525,[X8_X4_GET_req],525,11,0,0,10,5,0,0,10,8,0,0,6,6,0,6,6,0,6,6,0,0,0,0,0,6
526,REST_X4,526,11,0,0,10,6,0,0,10,8,0,0,6,6,0,6,6,0,6,6,0,0,0,0,0,6
527,REST_X4,527,11,0,0,10,7,0,0,10,8,0,0,6,6,0,6,6,0,6,6,0,0,0,0,0,6
528,[X8_X4_GET_resp_2xx],528,11,0,0,10,0,0,0,10,3,0,0,6,6,0,6,6,0,6,6,0,0,0,0,0,6
529,[X11_X8_GET_resp_2xx],529,11,0,0,10,0,0,0,10,0,0,0,3,6,0,6,6,0,6,6,0,0,0,0,0,6
530,[X15_X11_GET_resp_2xx],530,11,0,0,10,0,0,0,10,0,0,0,0,6,0,6,3,0,6,6,0,0,0,0,0,6
531,[X7_X15_GET_resp_2xx],531,11,0,0,10,0,0,0,3,0,0,0,0,6,0,6,0,0,6,6,0,0,0,0,0,6
532,[X12_X7_GET_resp_2xx],532,11,0,0,10,0,0,0,0,0,0,0,0,3,0,6,0,0,6,6,0,0,0,0,0,6
533,[X17_X12_GET_resp_2xx],533,11,0,0,10,0,0,0,0,0,0,0,0,0,0,6,0,0,3,6,0,0,0,0,0,6
534,[X3_X17_GET_resp_2xx],534,11,0,0,3,0,0,0,0,0,0,0,0,0,0,6,0,0,0,6,0,0,0,0,0,6
535,[X18_X3_GET_resp_2xx],535,11,0,0,0,0,0,0,0,0,0,0,0,0,0,6,0,0,0,3,0,0,0,0,0,6
536,[X24_X18_GET_resp_2xx],536,11,0,0,0,0,0,0,0,0,0,0,0,0,0,6,0,0,0,0,0,0,0,0,0,3
537,[X14_X24_GET_resp_2xx],537,11,0,0,0,0,0,0,0,0,0,0,0,0,0,3,0,0,0,0,0,0,0,0,0,0
538,[X0_X14_GET_resp_2xx],538,0,0,0,0,0,0,0,0,0,0,0,0,0,0,0,0,0,0,0,0,0,0,0,0,0
539,REST_X0,539,10,0,0,0,0,0,0,0,0,0,0,0,0,0,0,0,0,0,0,0,0,0,0,0,0
540,[X0_X14_GET_req],540,11,0,0,0,0,0,0,0,0,0,0,0,0,0,1,0,0,0,0,0,0,0,0,0,0
541,REST_X14,541,11,0,0,0,0,0,0,0,0,0,0,0,0,0,2,0,0,0,0,0,0,0,0,0,0
542,REST_X14,542,11,0,0,0,0,0,0,0,0,0,0,0,0,0,5,0,0,0,0,0,0,0,0,0,0
543,[X14_X24_GET_req],543,11,0,0,0,0,0,0,0,0,0,0,0,0,0,6,0,0,0,0,0,0,0,0,0,1
544,REST_X24,544,11,0,0,0,0,0,0,0,0,0,0,0,0,0,6,0,0,0,0,0,0,0,0,0,2
545,REST_X24,545,11,0,0,0,0,0,0,0,0,0,0,0,0,0,6,0,0,0,0,0,0,0,0,0,5
546,[X24_X18_GET_req],546,11,0,0,0,0,0,0,0,0,0,0,0,0,0,6,0,0,0,1,0,0,0,0,0,6
547,REST_X18,547,11,0,0,0,0,0,0,0,0,0,0,0,0,0,6,0,0,0,2,0,0,0,0,0,6
548,REST_X18,548,11,0,0,0,0,0,0,0,0,0,0,0,0,0,6,0,0,0,5,0,0,0,0,0,6
549,[X18_X3_GET_req],549,11,0,0,1,0,0,0,0,0,0,0,0,0,0,6,0,0,0,6,0,0,0,0,0,6
550,REST_X3,550,11,0,0,2,0,0,0,0,0,0,0,0,0,0,6,0,0,0,6,0,0,0,0,0,6
551,REST_X3,551,11,0,0,5,0,0,0,0,0,0,0,0,0,0,6,0,0,0,6,0,0,0,0,0,6
552,[X3_X5_GET_req],552,11,0,0,6,0,1,0,0,0,0,0,0,0,0,6,0,0,0,6,0,0,0,0,0,6
553,REST_X5,553,11,0,0,6,0,2,0,0,0,0,0,0,0,0,6,0,0,0,6,0,0,0,0,0,6
554,REST_X5,554,11,0,0,6,0,5,0,0,0,0,0,0,0,0,6,0,0,0,6,0,0,0,0,0,6
555,[X5_X1_GET_req],555,11,1,0,6,0,6,0,0,0,0,0,0,0,0,6,0,0,0,6,0,0,0,0,0,6
556,REST_X1,556,11,2,0,6,0,6,0,0,0,0,0,0,0,0,6,0,0,0,6,0,0,0,0,0,6
557,REST_X1,557,11,5,0,6,0,6,0,0,0,0,0,0,0,0,6,0,0,0,6,0,0,0,0,0,6
558,[X1_X20_GET_req],558,11,6,0,6,0,6,0,0,0,0,0,0,0,0,6,0,0,0,6,0,1,0,0,0,6
559,REST_X20,559,11,6,0,6,0,6,0,0,0,0,0,0,0,0,6,0,0,0,6,0,2,0,0,0,6
560,REST_X20,560,11,6,0,6,0,6,0,0,0,0,0,0,0,0,6,0,0,0,6,0,5,0,0,0,6
561,[X20_X13_GET_req],561,11,6,0,6,0,6,0,0,0,0,0,0,0,1,6,0,0,0,6,0,6,0,0,0,6
562,REST_X13,562,11,6,0,6,0,6,0,0,0,0,0,0,0,2,6,0,0,0,6,0,6,0,0,0,6
563,REST_X13,563,11,6,0,6,0,6,0,0,0,0,0,0,0,3,6,0,0,0,6,0,6,0,0,0,6
564,[X20_X13_GET_resp_2xx],564,11,6,0,6,0,6,0,0,0,0,0,0,0,0,6,0,0,0,6,0,3,0,0,0,6
565,[X1_X20_GET_resp_2xx],565,11,3,0,6,0,6,0,0,0,0,0,0,0,0,6,0,0,0,6,0,0,0,0,0,6
566,[X5_X1_GET_resp_2xx],566,11,0,0,6,0,3,0,0,0,0,0,0,0,0,6,0,0,0,6,0,0,0,0,0,6
567,[X3_X5_GET_resp_2xx],567,11,0,0,3,0,0,0,0,0,0,0,0,0,0,6,0,0,0,6,0,0,0,0,0,6
568,[X18_X3_GET_resp_2xx],568,11,0,0,0,0,0,0,0,0,0,0,0,0,0,6,0,0,0,3,0,0,0,0,0,6
569,[X24_X18_GET_resp_2xx],569,11,0,0,0,0,0,0,0,0,0,0,0,0,0,6,0,0,0,0,0,0,0,0,0,3
570,[X14_X24_GET_resp_2xx],570,11,0,0,0,0,0,0,0,0,0,0,0,0,0,3,0,0,0,0,0,0,0,0,0,0
571,[X0_X14_GET_resp_2xx],571,0,0,0,0,0,0,0,0,0,0,0,0,0,0,0,0,0,0,0,0,0,0,0,0,0
572,REST_X0,572,10,0,0,0,0,0,0,0,0,0,0,0,0,0,0,0,0,0,0,0,0,0,0,0,0
573,[X0_X14_GET_req],573,11,0,0,0,0,0,0,0,0,0,0,0,0,0,1,0,0,0,0,0,0,0,0,0,0
574,REST_X14,574,11,0,0,0,0,0,0,0,0,0,0,0,0,0,2,0,0,0,0,0,0,0,0,0,0
575,REST_X14,575,11,0,0,0,0,0,0,0,0,0,0,0,0,0,5,0,0,0,0,0,0,0,0,0,0
576,[X14_X24_GET_req],576,11,0,0,0,0,0,0,0,0,0,0,0,0,0,6,0,0,0,0,0,0,0,0,0,1
577,REST_X24,577,11,0,0,0,0,0,0,0,0,0,0,0,0,0,6,0,0,0,0,0,0,0,0,0,2
578,REST_X24,578,11,0,0,0,0,0,0,0,0,0,0,0,0,0,6,0,0,0,0,0,0,0,0,0,5
579,[X24_X18_GET_req],579,11,0,0,0,0,0,0,0,0,0,0,0,0,0,6,0,0,0,1,0,0,0,0,0,6
580,REST_X18,580,11,0,0,0,0,0,0,0,0,0,0,0,0,0,6,0,0,0,2,0,0,0,0,0,6
581,REST_X18,581,11,0,0,0,0,0,0,0,0,0,0,0,0,0,6,0,0,0,5,0,0,0,0,0,6
582,[X18_X3_GET_req],582,11,0,0,1,0,0,0,0,0,0,0,0,0,0,6,0,0,0,6,0,0,0,0,0,6
583,REST_X3,583,11,0,0,2,0,0,0,0,0,0,0,0,0,0,6,0,0,0,6,0,0,0,0,0,6
584,REST_X3,584,11,0,0,5,0,0,0,0,0,0,0,0,0,0,6,0,0,0,6,0,0,0,0,0,6
585,[X3_X5_GET_req],585,11,0,0,6,0,1,0,0,0,0,0,0,0,0,6,0,0,0,6,0,0,0,0,0,6
586,REST_X5,586,11,0,0,6,0,2,0,0,0,0,0,0,0,0,6,0,0,0,6,0,0,0,0,0,6
587,REST_X5,587,11,0,0,6,0,5,0,0,0,0,0,0,0,0,6,0,0,0,6,0,0,0,0,0,6
588,[X5_X1_GET_req],588,11,1,0,6,0,6,0,0,0,0,0,0,0,0,6,0,0,0,6,0,0,0,0,0,6
589,REST_X1,589,11,2,0,6,0,6,0,0,0,0,0,0,0,0,6,0,0,0,6,0,0,0,0,0,6
590,REST_X1,590,11,5,0,6,0,6,0,0,0,0,0,0,0,0,6,0,0,0,6,0,0,0,0,0,6
591,[X1_X20_GET_req],591,11,6,0,6,0,6,0,0,0,0,0,0,0,0,6,0,0,0,6,0,1,0,0,0,6
592,REST_X20,592,11,6,0,6,0,6,0,0,0,0,0,0,0,0,6,0,0,0,6,0,2,0,0,0,6
593,REST_X20,593,11,6,0,6,0,6,0,0,0,0,0,0,0,0,6,0,0,0,6,0,5,0,0,0,6
594,[X20_X13_GET_req],594,11,6,0,6,0,6,0,0,0,0,0,0,0,1,6,0,0,0,6,0,6,0,0,0,6
595,REST_X13,595,11,6,0,6,0,6,0,0,0,0,0,0,0,2,6,0,0,0,6,0,6,0,0,0,6
596,REST_X13,596,11,6,0,6,0,6,0,0,0,0,0,0,0,3,6,0,0,0,6,0,6,0,0,0,6
597,[X20_X13_GET_resp_2xx],597,11,6,0,6,0,6,0,0,0,0,0,0,0,0,6,0,0,0,6,0,3,0,0,0,6
598,[X1_X20_GET_resp_2xx],598,11,3,0,6,0,6,0,0,0,0,0,0,0,0,6,0,0,0,6,0,0,0,0,0,6
599,[X5_X1_GET_resp_2xx],599,11,0,0,6,0,3,0,0,0,0,0,0,0,0,6,0,0,0,6,0,0,0,0,0,6
600,[X3_X5_GET_resp_2xx],600,11,0,0,3,0,0,0,0,0,0,0,0,0,0,6,0,0,0,6,0,0,0,0,0,6
601,[X18_X3_GET_resp_2xx],601,11,0,0,0,0,0,0,0,0,0,0,0,0,0,6,0,0,0,3,0,0,0,0,0,6
602,[X24_X18_GET_resp_2xx],602,11,0,0,0,0,0,0,0,0,0,0,0,0,0,6,0,0,0,0,0,0,0,0,0,3
603,[X14_X24_GET_resp_2xx],603,11,0,0,0,0,0,0,0,0,0,0,0,0,0,3,0,0,0,0,0,0,0,0,0,0
604,[X0_X14_GET_resp_2xx],604,0,0,0,0,0,0,0,0,0,0,0,0,0,0,0,0,0,0,0,0,0,0,0,0,0
605,REST_X0,605,2,0,0,0,0,0,0,0,0,0,0,0,0,0,0,0,0,0,0,0,0,0,0,0,0
606,[X0_X16_GET_req],606,3,0,0,0,0,0,0,0,0,0,0,0,0,0,0,0,1,0,0,0,0,0,0,0,0
607,REST_X16,607,3,0,0,0,0,0,0,0,0,0,0,0,0,0,0,0,2,0,0,0,0,0,0,0,0
608,REST_X16,608,3,0,0,0,0,0,0,0,0,0,0,0,0,0,0,0,5,0,0,0,0,0,0,0,0
609,[X16_X19_GET_req],609,3,0,0,0,0,0,0,0,0,0,0,0,0,0,0,0,6,0,0,1,0,0,0,0,0
610,REST_X19,610,3,0,0,0,0,0,0,0,0,0,0,0,0,0,0,0,6,0,0,2,0,0,0,0,0
611,REST_X19,611,3,0,0,0,0,0,0,0,0,0,0,0,0,0,0,0,6,0,0,5,0,0,0,0,0
612,[X19_X2_GET_req],612,3,0,1,0,0,0,0,0,0,0,0,0,0,0,0,0,6,0,0,6,0,0,0,0,0
613,REST_X2,613,3,0,2,0,0,0,0,0,0,0,0,0,0,0,0,0,6,0,0,6,0,0,0,0,0
614,REST_X2,614,3,0,3,0,0,0,0,0,0,0,0,0,0,0,0,0,6,0,0,6,0,0,0,0,0
615,[X19_X2_GET_resp_2xx],615,3,0,0,0,0,0,0,0,0,0,0,0,0,0,0,0,6,0,0,3,0,0,0,0,0
616,[X16_X19_GET_resp_2xx],616,3,0,0,0,0,0,0,0,0,0,0,0,0,0,0,0,3,0,0,0,0,0,0,0,0
617,[X0_X16_GET_resp_2xx],617,0,0,0,0,0,0,0,0,0,0,0,0,0,0,0,0,0,0,0,0,0,0,0,0,0
618,REST_X0,618,10,0,0,0,0,0,0,0,0,0,0,0,0,0,0,0,0,0,0,0,0,0,0,0,0
619,[X0_X14_GET_req],619,11,0,0,0,0,0,0,0,0,0,0,0,0,0,1,0,0,0,0,0,0,0,0,0,0
620,REST_X14,620,11,0,0,0,0,0,0,0,0,0,0,0,0,0,2,0,0,0,0,0,0,0,0,0,0
621,REST_X14,621,11,0,0,0,0,0,0,0,0,0,0,0,0,0,5,0,0,0,0,0,0,0,0,0,0
622,[X14_X24_GET_req],622,11,0,0,0,0,0,0,0,0,0,0,0,0,0,6,0,0,0,0,0,0,0,0,0,1
623,REST_X24,623,11,0,0,0,0,0,0,0,0,0,0,0,0,0,6,0,0,0,0,0,0,0,0,0,2
624,REST_X24,624,11,0,0,0,0,0,0,0,0,0,0,0,0,0,6,0,0,0,0,0,0,0,0,0,5
625,[X24_X18_GET_req],625,11,0,0,0,0,0,0,0,0,0,0,0,0,0,6,0,0,0,1,0,0,0,0,0,6
626,REST_X18,626,11,0,0,0,0,0,0,0,0,0,0,0,0,0,6,0,0,0,2,0,0,0,0,0,6
627,REST_X18,627,11,0,0,0,0,0,0,0,0,0,0,0,0,0,6,0,0,0,5,0,0,0,0,0,6
628,[X18_X3_GET_req],628,11,0,0,1,0,0,0,0,0,0,0,0,0,0,6,0,0,0,6,0,0,0,0,0,6
629,REST_X3,629,11,0,0,2,0,0,0,0,0,0,0,0,0,0,6,0,0,0,6,0,0,0,0,0,6
630,REST_X3,630,11,0,0,5,0,0,0,0,0,0,0,0,0,0,6,0,0,0,6,0,0,0,0,0,6
631,[X3_X5_GET_req],631,11,0,0,6,0,1,0,0,0,0,0,0,0,0,6,0,0,0,6,0,0,0,0,0,6
632,REST_X5,632,11,0,0,6,0,2,0,0,0,0,0,0,0,0,6,0,0,0,6,0,0,0,0,0,6
633,REST_X5,633,11,0,0,6,0,5,0,0,0,0,0,0,0,0,6,0,0,0,6,0,0,0,0,0,6
634,[X5_X1_GET_req],634,11,1,0,6,0,6,0,0,0,0,0,0,0,0,6,0,0,0,6,0,0,0,0,0,6
635,REST_X1,635,11,2,0,6,0,6,0,0,0,0,0,0,0,0,6,0,0,0,6,0,0,0,0,0,6
636,REST_X1,636,11,5,0,6,0,6,0,0,0,0,0,0,0,0,6,0,0,0,6,0,0,0,0,0,6
637,[X1_X20_GET_req],637,11,6,0,6,0,6,0,0,0,0,0,0,0,0,6,0,0,0,6,0,1,0,0,0,6
638,REST_X20,638,11,6,0,6,0,6,0,0,0,0,0,0,0,0,6,0,0,0,6,0,2,0,0,0,6
639,REST_X20,639,11,6,0,6,0,6,0,0,0,0,0,0,0,0,6,0,0,0,6,0,9,0,0,0,6
640,[X20_X22_GET_req],640,11,6,0,6,0,6,0,0,0,0,0,0,0,0,6,0,0,0,6,0,10,0,1,0,6
641,REST_X22,641,11,6,0,6,0,6,0,0,0,0,0,0,0,0,6,0,0,0,6,0,10,0,2,0,6
642,REST_X22,642,11,6,0,6,0,6,0,0,0,0,0,0,0,0,6,0,0,0,6,0,10,0,5,0,6
643,[X22_X9_GET_req],643,11,6,0,6,0,6,0,0,0,1,0,0,0,0,6,0,0,0,6,0,10,0,6,0,6
644,REST_X9,644,11,6,0,6,0,6,0,0,0,2,0,0,0,0,6,0,0,0,6,0,10,0,6,0,6
645,REST_X9,645,11,6,0,6,0,6,0,0,0,3,0,0,0,0,6,0,0,0,6,0,10,0,6,0,6
646,[X22_X9_GET_resp_2xx],646,11,6,0,6,0,6,0,0,0,0,0,0,0,0,6,0,0,0,6,0,10,0,3,0,6
647,[X20_X22_GET_resp_2xx],647,11,6,0,6,0,6,0,0,0,0,0,0,0,0,6,0,0,0,6,0,3,0,0,0,6
648,[X1_X20_GET_resp_2xx],648,11,3,0,6,0,6,0,0,0,0,0,0,0,0,6,0,0,0,6,0,0,0,0,0,6
649,[X5_X1_GET_resp_2xx],649,11,0,0,6,0,3,0,0,0,0,0,0,0,0,6,0,0,0,6,0,0,0,0,0,6
650,[X3_X5_GET_resp_2xx],650,11,0,0,3,0,0,0,0,0,0,0,0,0,0,6,0,0,0,6,0,0,0,0,0,6
651,[X18_X3_GET_resp_2xx],651,11,0,0,0,0,0,0,0,0,0,0,0,0,0,6,0,0,0,3,0,0,0,0,0,6
652,[X24_X18_GET_resp_2xx],652,11,0,0,0,0,0,0,0,0,0,0,0,0,0,6,0,0,0,0,0,0,0,0,0,3
653,[X14_X24_GET_resp_2xx],653,11,0,0,0,0,0,0,0,0,0,0,0,0,0,3,0,0,0,0,0,0,0,0,0,0
654,[X0_X14_GET_resp_2xx],654,0,0,0,0,0,0,0,0,0,0,0,0,0,0,0,0,0,0,0,0,0,0,0,0,0
655,REST_X0,655,2,0,0,0,0,0,0,0,0,0,0,0,0,0,0,0,0,0,0,0,0,0,0,0,0
656,[X0_X16_GET_req],656,3,0,0,0,0,0,0,0,0,0,0,0,0,0,0,0,1,0,0,0,0,0,0,0,0
657,REST_X16,657,3,0,0,0,0,0,0,0,0,0,0,0,0,0,0,0,2,0,0,0,0,0,0,0,0
658,REST_X16,658,3,0,0,0,0,0,0,0,0,0,0,0,0,0,0,0,5,0,0,0,0,0,0,0,0
659,[X16_X19_GET_req],659,3,0,0,0,0,0,0,0,0,0,0,0,0,0,0,0,6,0,0,1,0,0,0,0,0
660,REST_X19,660,3,0,0,0,0,0,0,0,0,0,0,0,0,0,0,0,6,0,0,2,0,0,0,0,0
661,REST_X19,661,3,0,0,0,0,0,0,0,0,0,0,0,0,0,0,0,6,0,0,5,0,0,0,0,0
662,[X19_X2_GET_req],662,3,0,1,0,0,0,0,0,0,0,0,0,0,0,0,0,6,0,0,6,0,0,0,0,0
663,REST_X2,663,3,0,2,0,0,0,0,0,0,0,0,0,0,0,0,0,6,0,0,6,0,0,0,0,0
664,REST_X2,664,3,0,3,0,0,0,0,0,0,0,0,0,0,0,0,0,6,0,0,6,0,0,0,0,0
665,[X19_X2_GET_resp_2xx],665,3,0,0,0,0,0,0,0,0,0,0,0,0,0,0,0,6,0,0,3,0,0,0,0,0
666,[X16_X19_GET_resp_2xx],666,3,0,0,0,0,0,0,0,0,0,0,0,0,0,0,0,3,0,0,0,0,0,0,0,0
667,[X0_X16_GET_resp_2xx],667,0,0,0,0,0,0,0,0,0,0,0,0,0,0,0,0,0,0,0,0,0,0,0,0,0
668,REST_X0,668,2,0,0,0,0,0,0,0,0,0,0,0,0,0,0,0,0,0,0,0,0,0,0,0,0
669,[X0_X16_GET_req],669,3,0,0,0,0,0,0,0,0,0,0,0,0,0,0,0,1,0,0,0,0,0,0,0,0
670,REST_X16,670,3,0,0,0,0,0,0,0,0,0,0,0,0,0,0,0,2,0,0,0,0,0,0,0,0
671,REST_X16,671,3,0,0,0,0,0,0,0,0,0,0,0,0,0,0,0,5,0,0,0,0,0,0,0,0
672,[X16_X19_GET_req],672,3,0,0,0,0,0,0,0,0,0,0,0,0,0,0,0,6,0,0,1,0,0,0,0,0
673,REST_X19,673,3,0,0,0,0,0,0,0,0,0,0,0,0,0,0,0,6,0,0,2,0,0,0,0,0
674,REST_X19,674,3,0,0,0,0,0,0,0,0,0,0,0,0,0,0,0,6,0,0,5,0,0,0,0,0
675,[X19_X2_GET_req],675,3,0,1,0,0,0,0,0,0,0,0,0,0,0,0,0,6,0,0,6,0,0,0,0,0
676,REST_X2,676,3,0,2,0,0,0,0,0,0,0,0,0,0,0,0,0,6,0,0,6,0,0,0,0,0
677,REST_X2,677,3,0,3,0,0,0,0,0,0,0,0,0,0,0,0,0,6,0,0,6,0,0,0,0,0
678,[X19_X2_GET_resp_2xx],678,3,0,0,0,0,0,0,0,0,0,0,0,0,0,0,0,6,0,0,3,0,0,0,0,0
679,[X16_X19_GET_resp_2xx],679,3,0,0,0,0,0,0,0,0,0,0,0,0,0,0,0,3,0,0,0,0,0,0,0,0
680,[X0_X16_GET_resp_2xx],680,0,0,0,0,0,0,0,0,0,0,0,0,0,0,0,0,0,0,0,0,0,0,0,0,0
681,REST_X0,681,10,0,0,0,0,0,0,0,0,0,0,0,0,0,0,0,0,0,0,0,0,0,0,0,0
682,[X0_X14_GET_req],682,11,0,0,0,0,0,0,0,0,0,0,0,0,0,1,0,0,0,0,0,0,0,0,0,0
683,REST_X14,683,11,0,0,0,0,0,0,0,0,0,0,0,0,0,2,0,0,0,0,0,0,0,0,0,0
684,REST_X14,684,11,0,0,0,0,0,0,0,0,0,0,0,0,0,5,0,0,0,0,0,0,0,0,0,0
685,[X14_X24_GET_req],685,11,0,0,0,0,0,0,0,0,0,0,0,0,0,6,0,0,0,0,0,0,0,0,0,1
686,REST_X24,686,11,0,0,0,0,0,0,0,0,0,0,0,0,0,6,0,0,0,0,0,0,0,0,0,2
687,REST_X24,687,11,0,0,0,0,0,0,0,0,0,0,0,0,0,6,0,0,0,0,0,0,0,0,0,5
688,[X24_X18_GET_req],688,11,0,0,0,0,0,0,0,0,0,0,0,0,0,6,0,0,0,1,0,0,0,0,0,6
689,REST_X18,689,11,0,0,0,0,0,0,0,0,0,0,0,0,0,6,0,0,0,2,0,0,0,0,0,6
690,REST_X18,690,11,0,0,0,0,0,0,0,0,0,0,0,0,0,6,0,0,0,5,0,0,0,0,0,6
691,[X18_X3_GET_req],691,11,0,0,1,0,0,0,0,0,0,0,0,0,0,6,0,0,0,6,0,0,0,0,0,6
692,REST_X3,692,11,0,0,2,0,0,0,0,0,0,0,0,0,0,6,0,0,0,6,0,0,0,0,0,6
693,REST_X3,693,11,0,0,9,0,0,0,0,0,0,0,0,0,0,6,0,0,0,6,0,0,0,0,0,6
694,[X3_X17_GET_req],694,11,0,0,10,0,0,0,0,0,0,0,0,0,0,6,0,0,1,6,0,0,0,0,0,6
695,REST_X17,695,11,0,0,10,0,0,0,0,0,0,0,0,0,0,6,0,0,2,6,0,0,0,0,0,6
696,REST_X17,696,11,0,0,10,0,0,0,0,0,0,0,0,0,0,6,0,0,5,6,0,0,0,0,0,6
697,[X17_X12_GET_req],697,11,0,0,10,0,0,0,0,0,0,0,0,1,0,6,0,0,6,6,0,0,0,0,0,6
698,REST_X12,698,11,0,0,10,0,0,0,0,0,0,0,0,2,0,6,0,0,6,6,0,0,0,0,0,6
699,REST_X12,699,11,0,0,10,0,0,0,0,0,0,0,0,5,0,6,0,0,6,6,0,0,0,0,0,6
700,[X12_X7_GET_req],700,11,0,0,10,0,0,0,1,0,0,0,0,6,0,6,0,0,6,6,0,0,0,0,0,6
701,REST_X7,701,11,0,0,10,0,0,0,2,0,0,0,0,6,0,6,0,0,6,6,0,0,0,0,0,6
702,REST_X7,702,11,0,0,10,0,0,0,9,0,0,0,0,6,0,6,0,0,6,6,0,0,0,0,0,6
703,[X7_X15_GET_req],703,11,0,0,10,0,0,0,10,0,0,0,0,6,0,6,1,0,6,6,0,0,0,0,0,6
704,REST_X15,704,11,0,0,10,0,0,0,10,0,0,0,0,6,0,6,2,0,6,6,0,0,0,0,0,6
705,REST_X15,705,11,0,0,10,0,0,0,10,0,0,0,0,6,0,6,5,0,6,6,0,0,0,0,0,6
706,[X15_X11_GET_req],706,11,0,0,10,0,0,0,10,0,0,0,1,6,0,6,6,0,6,6,0,0,0,0,0,6
707,REST_X11,707,11,0,0,10,0,0,0,10,0,0,0,2,6,0,6,6,0,6,6,0,0,0,0,0,6
708,REST_X11,708,11,0,0,10,0,0,0,10,0,0,0,9,6,0,6,6,0,6,6,0,0,0,0,0,6
709,[X11_X23_GET_req],709,11,0,0,10,0,0,0,10,0,0,0,10,6,0,6,6,0,6,6,0,0,0,0,1,6
710,REST_X23,710,11,0,0,10,0,0,0,10,0,0,0,10,6,0,6,6,0,6,6,0,0,0,0,2,6
711,REST_X23,711,11,0,0,10,0,0,0,10,0,0,0,10,6,0,6,6,0,6,6,0,0,0,0,5,6
712,[X23_X6_GET_req],712,11,0,0,10,0,0,1,10,0,0,0,10,6,0,6,6,0,6,6,0,0,0,0,6,6
713,REST_X6,713,11,0,0,10,0,0,2,10,0,0,0,10,6,0,6,6,0,6,6,0,0,0,0,6,6
714,REST_X6,714,11,0,0,10,0,0,5,10,0,0,0,10,6,0,6,6,0,6,6,0,0,0,0,6,6
715,[X6_X4_GET_req],715,11,0,0,10,1,0,6,10,0,0,0,10,6,0,6,6,0,6,6,0,0,0,0,6,6
716,REST_X4,716,11,0,0,10,2,0,6,10,0,0,0,10,6,0,6,6,0,6,6,0,0,0,0,6,6
717,REST_X4,717,11,0,0,10,3,0,6,10,0,0,0,10,6,0,6,6,0,6,6,0,0,0,0,6,6
718,[X6_X4_GET_resp_2xx],718,11,0,0,10,0,0,3,10,0,0,0,10,6,0,6,6,0,6,6,0,0,0,0,6,6
719,[X23_X6_GET_resp_2xx],719,11,0,0,10,0,0,0,10,0,0,0,10,6,0,6,6,0,6,6,0,0,0,0,3,6
720,[X11_X23_GET_resp_2xx],720,11,0,0,10,0,0,0,10,0,0,0,3,6,0,6,6,0,6,6,0,0,0,0,0,6
721,[X15_X11_GET_resp_2xx],721,11,0,0,10,0,0,0,10,0,0,0,0,6,0,6,3,0,6,6,0,0,0,0,0,6
722,[X7_X15_GET_resp_2xx],722,11,0,0,10,0,0,0,3,0,0,0,0,6,0,6,0,0,6,6,0,0,0,0,0,6
723,[X12_X7_GET_resp_2xx],723,11,0,0,10,0,0,0,0,0,0,0,0,3,0,6,0,0,6,6,0,0,0,0,0,6
724,[X17_X12_GET_resp_2xx],724,11,0,0,10,0,0,0,0,0,0,0,0,0,0,6,0,0,3,6,0,0,0,0,0,6
725,[X3_X17_GET_resp_2xx],725,11,0,0,3,0,0,0,0,0,0,0,0,0,0,6,0,0,0,6,0,0,0,0,0,6
726,[X18_X3_GET_resp_2xx],726,11,0,0,0,0,0,0,0,0,0,0,0,0,0,6,0,0,0,3,0,0,0,0,0,6
727,[X24_X18_GET_resp_2xx],727,11,0,0,0,0,0,0,0,0,0,0,0,0,0,6,0,0,0,0,0,0,0,0,0,3
728,[X14_X24_GET_resp_2xx],728,11,0,0,0,0,0,0,0,0,0,0,0,0,0,3,0,0,0,0,0,0,0,0,0,0
729,[X0_X14_GET_resp_2xx],729,0,0,0,0,0,0,0,0,0,0,0,0,0,0,0,0,0,0,0,0,0,0,0,0,0
730,REST_X0,730,2,0,0,0,0,0,0,0,0,0,0,0,0,0,0,0,0,0,0,0,0,0,0,0,0
731,[X0_X16_GET_req],731,3,0,0,0,0,0,0,0,0,0,0,0,0,0,0,0,1,0,0,0,0,0,0,0,0
732,REST_X16,732,3,0,0,0,0,0,0,0,0,0,0,0,0,0,0,0,2,0,0,0,0,0,0,0,0
733,REST_X16,733,3,0,0,0,0,0,0,0,0,0,0,0,0,0,0,0,5,0,0,0,0,0,0,0,0
734,[X16_X19_GET_req],734,3,0,0,0,0,0,0,0,0,0,0,0,0,0,0,0,6,0,0,1,0,0,0,0,0
735,REST_X19,735,3,0,0,0,0,0,0,0,0,0,0,0,0,0,0,0,6,0,0,2,0,0,0,0,0
736,REST_X19,736,3,0,0,0,0,0,0,0,0,0,0,0,0,0,0,0,6,0,0,5,0,0,0,0,0
737,[X19_X2_GET_req],737,3,0,1,0,0,0,0,0,0,0,0,0,0,0,0,0,6,0,0,6,0,0,0,0,0
738,REST_X2,738,3,0,2,0,0,0,0,0,0,0,0,0,0,0,0,0,6,0,0,6,0,0,0,0,0
739,REST_X2,739,3,0,3,0,0,0,0,0,0,0,0,0,0,0,0,0,6,0,0,6,0,0,0,0,0
740,[X19_X2_GET_resp_2xx],740,3,0,0,0,0,0,0,0,0,0,0,0,0,0,0,0,6,0,0,3,0,0,0,0,0
741,[X16_X19_GET_resp_2xx],741,3,0,0,0,0,0,0,0,0,0,0,0,0,0,0,0,3,0,0,0,0,0,0,0,0
742,[X0_X16_GET_resp_2xx],742,0,0,0,0,0,0,0,0,0,0,0,0,0,0,0,0,0,0,0,0,0,0,0,0,0
743,REST_X0,743,2,0,0,0,0,0,0,0,0,0,0,0,0,0,0,0,0,0,0,0,0,0,0,0,0
744,[X0_X16_GET_req],744,3,0,0,0,0,0,0,0,0,0,0,0,0,0,0,0,1,0,0,0,0,0,0,0,0
745,REST_X16,745,3,0,0,0,0,0,0,0,0,0,0,0,0,0,0,0,2,0,0,0,0,0,0,0,0
746,REST_X16,746,3,0,0,0,0,0,0,0,0,0,0,0,0,0,0,0,5,0,0,0,0,0,0,0,0
747,[X16_X19_GET_req],747,3,0,0,0,0,0,0,0,0,0,0,0,0,0,0,0,6,0,0,1,0,0,0,0,0
748,REST_X19,748,3,0,0,0,0,0,0,0,0,0,0,0,0,0,0,0,6,0,0,2,0,0,0,0,0
749,REST_X19,749,3,0,0,0,0,0,0,0,0,0,0,0,0,0,0,0,6,0,0,5,0,0,0,0,0
750,[X19_X2_GET_req],750,3,0,1,0,0,0,0,0,0,0,0,0,0,0,0,0,6,0,0,6,0,0,0,0,0
751,REST_X2,751,3,0,2,0,0,0,0,0,0,0,0,0,0,0,0,0,6,0,0,6,0,0,0,0,0
752,REST_X2,752,3,0,3,0,0,0,0,0,0,0,0,0,0,0,0,0,6,0,0,6,0,0,0,0,0
753,[X19_X2_GET_resp_2xx],753,3,0,0,0,0,0,0,0,0,0,0,0,0,0,0,0,6,0,0,3,0,0,0,0,0
754,[X16_X19_GET_resp_2xx],754,3,0,0,0,0,0,0,0,0,0,0,0,0,0,0,0,3,0,0,0,0,0,0,0,0
755,[X0_X16_GET_resp_2xx],755,0,0,0,0,0,0,0,0,0,0,0,0,0,0,0,0,0,0,0,0,0,0,0,0,0
756,REST_X0,756,10,0,0,0,0,0,0,0,0,0,0,0,0,0,0,0,0,0,0,0,0,0,0,0,0
757,[X0_X14_GET_req],757,11,0,0,0,0,0,0,0,0,0,0,0,0,0,1,0,0,0,0,0,0,0,0,0,0
758,REST_X14,758,11,0,0,0,0,0,0,0,0,0,0,0,0,0,2,0,0,0,0,0,0,0,0,0,0
759,REST_X14,759,11,0,0,0,0,0,0,0,0,0,0,0,0,0,5,0,0,0,0,0,0,0,0,0,0
760,[X14_X24_GET_req],760,11,0,0,0,0,0,0,0,0,0,0,0,0,0,6,0,0,0,0,0,0,0,0,0,1
761,REST_X24,761,11,0,0,0,0,0,0,0,0,0,0,0,0,0,6,0,0,0,0,0,0,0,0,0,2
762,REST_X24,762,11,0,0,0,0,0,0,0,0,0,0,0,0,0,6,0,0,0,0,0,0,0,0,0,5
763,[X24_X18_GET_req],763,11,0,0,0,0,0,0,0,0,0,0,0,0,0,6,0,0,0,1,0,0,0,0,0,6
764,REST_X18,764,11,0,0,0,0,0,0,0,0,0,0,0,0,0,6,0,0,0,2,0,0,0,0,0,6
765,REST_X18,765,11,0,0,0,0,0,0,0,0,0,0,0,0,0,6,0,0,0,5,0,0,0,0,0,6
766,[X18_X3_GET_req],766,11,0,0,1,0,0,0,0,0,0,0,0,0,0,6,0,0,0,6,0,0,0,0,0,6
767,REST_X3,767,11,0,0,2,0,0,0,0,0,0,0,0,0,0,6,0,0,0,6,0,0,0,0,0,6
768,REST_X3,768,11,0,0,9,0,0,0,0,0,0,0,0,0,0,6,0,0,0,6,0,0,0,0,0,6
769,[X3_X17_GET_req],769,11,0,0,10,0,0,0,0,0,0,0,0,0,0,6,0,0,1,6,0,0,0,0,0,6
770,REST_X17,770,11,0,0,10,0,0,0,0,0,0,0,0,0,0,6,0,0,2,6,0,0,0,0,0,6
771,REST_X17,771,11,0,0,10,0,0,0,0,0,0,0,0,0,0,6,0,0,5,6,0,0,0,0,0,6
772,[X17_X12_GET_req],772,11,0,0,10,0,0,0,0,0,0,0,0,1,0,6,0,0,6,6,0,0,0,0,0,6
773,REST_X12,773,11,0,0,10,0,0,0,0,0,0,0,0,2,0,6,0,0,6,6,0,0,0,0,0,6
774,REST_X12,774,11,0,0,10,0,0,0,0,0,0,0,0,5,0,6,0,0,6,6,0,0,0,0,0,6
775,[X12_X7_GET_req],775,11,0,0,10,0,0,0,1,0,0,0,0,6,0,6,0,0,6,6,0,0,0,0,0,6
776,REST_X7,776,11,0,0,10,0,0,0,2,0,0,0,0,6,0,6,0,0,6,6,0,0,0,0,0,6
777,REST_X7,777,11,0,0,10,0,0,0,5,0,0,0,0,6,0,6,0,0,6,6,0,0,0,0,0,6
778,[X7_X21_GET_req],778,11,0,0,10,0,0,0,6,0,0,0,0,6,0,6,0,0,6,6,0,0,1,0,0,6
779,REST_X21,779,11,0,0,10,0,0,0,6,0,0,0,0,6,0,6,0,0,6,6,0,0,2,0,0,6
780,REST_X21,780,11,0,0,10,0,0,0,6,0,0,0,0,6,0,6,0,0,6,6,0,0,3,0,0,6
781,[X7_X21_GET_resp_2xx],781,11,0,0,10,0,0,0,3,0,0,0,0,6,0,6,0,0,6,6,0,0,0,0,0,6
782,[X12_X7_GET_resp_2xx],782,11,0,0,10,0,0,0,0,0,0,0,0,3,0,6,0,0,6,6,0,0,0,0,0,6
783,[X17_X12_GET_resp_2xx],783,11,0,0,10,0,0,0,0,0,0,0,0,0,0,6,0,0,3,6,0,0,0,0,0,6
784,[X3_X17_GET_resp_2xx],784,11,0,0,3,0,0,0,0,0,0,0,0,0,0,6,0,0,0,6,0,0,0,0,0,6
785,[X18_X3_GET_resp_2xx],785,11,0,0,0,0,0,0,0,0,0,0,0,0,0,6,0,0,0,3,0,0,0,0,0,6
786,[X24_X18_GET_resp_2xx],786,11,0,0,0,0,0,0,0,0,0,0,0,0,0,6,0,0,0,0,0,0,0,0,0,3
787,[X14_X24_GET_resp_2xx],787,11,0,0,0,0,0,0,0,0,0,0,0,0,0,3,0,0,0,0,0,0,0,0,0,0
788,[X0_X14_GET_resp_2xx],788,0,0,0,0,0,0,0,0,0,0,0,0,0,0,0,0,0,0,0,0,0,0,0,0,0
789,REST_X0,789,10,0,0,0,0,0,0,0,0,0,0,0,0,0,0,0,0,0,0,0,0,0,0,0,0
790,[X0_X14_GET_req],790,11,0,0,0,0,0,0,0,0,0,0,0,0,0,1,0,0,0,0,0,0,0,0,0,0
791,REST_X14,791,11,0,0,0,0,0,0,0,0,0,0,0,0,0,2,0,0,0,0,0,0,0,0,0,0
792,REST_X14,792,11,0,0,0,0,0,0,0,0,0,0,0,0,0,5,0,0,0,0,0,0,0,0,0,0
793,[X14_X24_GET_req],793,11,0,0,0,0,0,0,0,0,0,0,0,0,0,6,0,0,0,0,0,0,0,0,0,1
794,REST_X24,794,11,0,0,0,0,0,0,0,0,0,0,0,0,0,6,0,0,0,0,0,0,0,0,0,2
795,REST_X24,795,11,0,0,0,0,0,0,0,0,0,0,0,0,0,6,0,0,0,0,0,0,0,0,0,5
796,[X24_X18_GET_req],796,11,0,0,0,0,0,0,0,0,0,0,0,0,0,6,0,0,0,1,0,0,0,0,0,6
797,REST_X18,797,11,0,0,0,0,0,0,0,0,0,0,0,0,0,6,0,0,0,2,0,0,0,0,0,6
798,REST_X18,798,11,0,0,0,0,0,0,0,0,0,0,0,0,0,6,0,0,0,5,0,0,0,0,0,6
799,[X18_X3_GET_req],799,11,0,0,1,0,0,0,0,0,0,0,0,0,0,6,0,0,0,6,0,0,0,0,0,6
800,REST_X3,800,11,0,0,2,0,0,0,0,0,0,0,0,0,0,6,0,0,0,6,0,0,0,0,0,6
801,REST_X3,801,11,0,0,5,0,0,0,0,0,0,0,0,0,0,6,0,0,0,6,0,0,0,0,0,6
802,[X3_X5_GET_req],802,11,0,0,6,0,1,0,0,0,0,0,0,0,0,6,0,0,0,6,0,0,0,0,0,6
803,REST_X5,803,11,0,0,6,0,2,0,0,0,0,0,0,0,0,6,0,0,0,6,0,0,0,0,0,6
804,REST_X5,804,11,0,0,6,0,5,0,0,0,0,0,0,0,0,6,0,0,0,6,0,0,0,0,0,6
805,[X5_X1_GET_req],805,11,1,0,6,0,6,0,0,0,0,0,0,0,0,6,0,0,0,6,0,0,0,0,0,6
806,REST_X1,806,11,2,0,6,0,6,0,0,0,0,0,0,0,0,6,0,0,0,6,0,0,0,0,0,6
807,REST_X1,807,11,5,0,6,0,6,0,0,0,0,0,0,0,0,6,0,0,0,6,0,0,0,0,0,6
808,[X1_X20_GET_req],808,11,6,0,6,0,6,0,0,0,0,0,0,0,0,6,0,0,0,6,0,1,0,0,0,6
809,REST_X20,809,11,6,0,6,0,6,0,0,0,0,0,0,0,0,6,0,0,0,6,0,2,0,0,0,6
810,REST_X20,810,11,6,0,6,0,6,0,0,0,0,0,0,0,0,6,0,0,0,6,0,9,0,0,0,6
811,[X20_X22_GET_req],811,11,6,0,6,0,6,0,0,0,0,0,0,0,0,6,0,0,0,6,0,10,0,1,0,6
812,REST_X22,812,11,6,0,6,0,6,0,0,0,0,0,0,0,0,6,0,0,0,6,0,10,0,2,0,6
813,REST_X22,813,11,6,0,6,0,6,0,0,0,0,0,0,0,0,6,0,0,0,6,0,10,0,9,0,6
814,[X22_X23_GET_req],814,11,6,0,6,0,6,0,0,0,0,0,0,0,0,6,0,0,0,6,0,10,0,10,17,6
815,REST_X23,815,11,6,0,6,0,6,0,0,0,0,0,0,0,0,6,0,0,0,6,0,10,0,10,18,6
816,REST_X23,816,11,6,0,6,0,6,0,0,0,0,0,0,0,0,6,0,0,0,6,0,10,0,10,11,6
817,[X23_X10_GET_req],817,11,6,0,6,0,6,0,0,0,0,1,0,0,0,6,0,0,0,6,0,10,0,10,12,6
818,REST_X10,818,11,6,0,6,0,6,0,0,0,0,2,0,0,0,6,0,0,0,6,0,10,0,10,12,6
819,REST_X10,819,11,6,0,6,0,6,0,0,0,0,3,0,0,0,6,0,0,0,6,0,10,0,10,12,6
820,[X23_X10_GET_resp_2xx],820,11,6,0,6,0,6,0,0,0,0,0,0,0,0,6,0,0,0,6,0,10,0,10,3,6
